,ts_code,trade_date,open,high,low,close,pre_close,change,pct_chg,vol,amount
0,603169.SH,20201231,4.68,4.77,4.62,4.65,4.69,-0.04,-0.8529,210643.69,98498.963
1,603169.SH,20201230,4.81,4.83,4.59,4.69,4.91,-0.22,-4.4807,384388.9,181201.715
2,603169.SH,20201229,4.46,4.91,4.37,4.91,4.46,0.45,10.0897,429215.99,205023.879
3,603169.SH,20201228,4.35,4.7,4.32,4.46,4.37,0.09,2.0595,151077.29,68186.847
4,603169.SH,20201225,4.18,4.47,4.18,4.37,4.19,0.18,4.2959,116896.86,50663.592
5,603169.SH,20201224,4.31,4.36,4.17,4.19,4.26,-0.07,-1.6432,54925.39,23290.151
6,603169.SH,20201223,4.16,4.33,4.15,4.26,4.19,0.07,1.6706,63334.19,27002.13
7,603169.SH,20201222,4.28,4.29,4.17,4.19,4.28,-0.09,-2.1028,41593.6,17534.396
8,603169.SH,20201221,4.28,4.31,4.22,4.28,4.32,-0.04,-0.9259,41602.23,17751.897
9,603169.SH,20201218,4.26,4.38,4.26,4.32,4.27,0.05,1.171,45394.39,19666.378
10,603169.SH,20201217,4.24,4.27,4.14,4.27,4.23,0.04,0.9456,32378.24,13635.609
11,603169.SH,20201216,4.26,4.28,4.23,4.23,4.23,0.0,0.0,26684.0,11337.745
12,603169.SH,20201215,4.25,4.26,4.21,4.23,4.25,-0.02,-0.4706,22489.6,9526.422
13,603169.SH,20201214,4.22,4.28,4.21,4.25,4.25,0.0,0.0,20661.8,8780.329
14,603169.SH,20201211,4.3,4.32,4.2,4.25,4.3,-0.05,-1.1628,44876.0,19043.088
15,603169.SH,20201210,4.38,4.38,4.3,4.3,4.35,-0.05,-1.1494,36275.0,15694.708
16,603169.SH,20201209,4.47,4.53,4.3,4.35,4.42,-0.07,-1.5837,53582.39,23673.689
17,603169.SH,20201208,4.46,4.49,4.4,4.42,4.46,-0.04,-0.8969,29408.96,13041.151
18,603169.SH,20201207,4.53,4.55,4.45,4.46,4.52,-0.06,-1.3274,38516.68,17287.486
19,603169.SH,20201204,4.51,4.59,4.5,4.52,4.54,-0.02,-0.4405,42719.75,19425.367
20,603169.SH,20201203,4.57,4.62,4.52,4.54,4.63,-0.09,-1.9438,74584.85,34027.638
21,603169.SH,20201202,4.55,4.76,4.49,4.63,4.5,0.13,2.8889,160868.5,74075.201
22,603169.SH,20201201,4.51,4.53,4.45,4.5,4.49,0.01,0.2227,31349.2,14084.643
23,603169.SH,20201130,4.54,4.61,4.47,4.49,4.5,-0.01,-0.2222,56858.13,25788.209
24,603169.SH,20201127,4.49,4.57,4.44,4.5,4.5,0.0,0.0,52861.6,23770.498
25,603169.SH,20201126,4.45,4.53,4.39,4.5,4.45,0.05,1.1236,58859.8,26414.628
26,603169.SH,20201125,4.48,4.58,4.45,4.45,4.45,0.0,0.0,86245.4,38937.974
27,603169.SH,20201124,4.52,4.55,4.44,4.45,4.49,-0.04,-0.8909,61561.79,27608.056
28,603169.SH,20201123,4.46,4.54,4.42,4.49,4.45,0.04,0.8989,59997.19,26903.53
29,603169.SH,20201120,4.44,4.47,4.41,4.45,4.44,0.01,0.2252,31207.18,13860.429
30,603169.SH,20201119,4.43,4.48,4.4,4.44,4.43,0.01,0.2257,40977.0,18205.188
31,603169.SH,20201118,4.38,4.48,4.38,4.43,4.39,0.04,0.9112,52692.62,23388.825
32,603169.SH,20201117,4.34,4.43,4.31,4.39,4.36,0.03,0.6881,55617.81,24362.738
33,603169.SH,20201116,4.28,4.38,4.27,4.36,4.26,0.1,2.3474,48025.99,20776.182
34,603169.SH,20201113,4.27,4.28,4.22,4.26,4.28,-0.02,-0.4673,32140.0,13639.664
35,603169.SH,20201112,4.38,4.38,4.27,4.28,4.35,-0.07,-1.6092,34858.44,15026.634
36,603169.SH,20201111,4.43,4.45,4.33,4.35,4.34,0.01,0.2304,44730.11,19599.422
37,603169.SH,20201110,4.41,4.42,4.32,4.34,4.39,-0.05,-1.139,38783.89,16907.565
38,603169.SH,20201109,4.31,4.41,4.26,4.39,4.24,0.15,3.5377,68272.71,29693.44
39,603169.SH,20201106,4.31,4.35,4.2,4.24,4.32,-0.08,-1.8519,38760.89,16478.428
40,603169.SH,20201105,4.34,4.37,4.28,4.32,4.28,0.04,0.9346,33028.31,14262.033
41,603169.SH,20201104,4.33,4.42,4.28,4.28,4.26,0.02,0.4695,41809.74,18099.998
42,603169.SH,20201103,4.21,4.28,4.19,4.26,4.21,0.05,1.1876,45878.91,19468.365
43,603169.SH,20201102,4.39,4.39,4.15,4.21,4.33,-0.12,-2.7714,54015.6,22774.373
44,603169.SH,20201030,4.47,4.47,4.3,4.33,4.39,-0.06,-1.3667,38280.71,16700.946
45,603169.SH,20201029,4.45,4.5,4.37,4.39,4.51,-0.12,-2.6608,45689.0,20285.699
46,603169.SH,20201028,4.47,4.55,4.43,4.51,4.47,0.04,0.8949,36288.66,16316.853
47,603169.SH,20201027,4.37,4.47,4.37,4.47,4.38,0.09,2.0548,28225.6,12494.538
48,603169.SH,20201026,4.42,4.43,4.35,4.38,4.44,-0.06,-1.3514,27555.14,12103.778
49,603169.SH,20201023,4.45,4.5,4.41,4.44,4.44,0.0,0.0,29323.14,13066.371
50,603169.SH,20201022,4.51,4.51,4.41,4.44,4.45,-0.01,-0.2247,24724.0,11017.873
51,603169.SH,20201021,4.54,4.55,4.45,4.45,4.54,-0.09,-1.9824,30633.4,13706.985
52,603169.SH,20201020,4.52,4.59,4.45,4.54,4.52,0.02,0.4425,32867.75,14831.787
53,603169.SH,20201019,4.56,4.62,4.52,4.52,4.55,-0.03,-0.6593,23695.0,10805.461
54,603169.SH,20201016,4.53,4.57,4.5,4.55,4.54,0.01,0.2203,36244.0,16452.079
55,603169.SH,20201015,4.65,4.65,4.53,4.54,4.67,-0.13,-2.7837,44627.11,20492.198
56,603169.SH,20201014,4.63,4.73,4.57,4.67,4.63,0.04,0.8639,83880.94,39085.908
57,603169.SH,20201013,4.66,4.73,4.62,4.63,4.67,-0.04,-0.8565,41079.0,19086.244
58,603169.SH,20201012,4.46,4.73,4.46,4.67,4.49,0.18,4.0089,69278.0,32105.696
59,603169.SH,20201009,4.41,4.53,4.41,4.49,4.38,0.11,2.5114,41911.31,18811.712
60,603169.SH,20200930,4.41,4.41,4.3,4.38,4.36,0.02,0.4587,38598.4,16838.132
61,603169.SH,20200929,4.38,4.46,4.36,4.36,4.36,0.0,0.0,44138.0,19456.463
62,603169.SH,20200928,4.45,4.47,4.36,4.36,4.45,-0.09,-2.0225,29053.0,12832.462
63,603169.SH,20200925,4.5,4.51,4.43,4.45,4.47,-0.02,-0.4474,29183.78,13016.314
64,603169.SH,20200924,4.59,4.59,4.45,4.47,4.62,-0.15,-3.2468,56509.0,25410.915
65,603169.SH,20200923,4.67,4.73,4.6,4.62,4.67,-0.05,-1.0707,48732.0,22560.22
66,603169.SH,20200922,4.73,4.74,4.63,4.67,4.74,-0.07,-1.4768,39590.0,18547.483
67,603169.SH,20200921,4.8,4.83,4.72,4.74,4.74,0.0,0.0,47158.0,22444.894
68,603169.SH,20200918,4.7,4.77,4.67,4.74,4.67,0.07,1.4989,42098.4,19895.209
69,603169.SH,20200917,4.75,4.75,4.65,4.67,4.75,-0.08,-1.6842,39521.19,18516.714
70,603169.SH,20200916,4.68,4.79,4.65,4.75,4.7,0.05,1.0638,59155.0,27994.973
71,603169.SH,20200915,4.75,4.77,4.66,4.7,4.75,-0.05,-1.0526,45544.3,21449.979
72,603169.SH,20200914,4.74,4.8,4.73,4.75,4.73,0.02,0.4228,43085.93,20517.497
73,603169.SH,20200911,4.66,4.78,4.66,4.73,4.72,0.01,0.2119,44528.92,20984.245
74,603169.SH,20200910,4.96,5.0,4.71,4.72,4.95,-0.23,-4.6465,109624.67,53010.343
75,603169.SH,20200909,5.05,5.05,4.93,4.95,5.07,-0.12,-2.3669,105630.0,52652.397
76,603169.SH,20200908,5.09,5.09,5.01,5.07,5.04,0.03,0.5952,66381.53,33496.836
77,603169.SH,20200907,5.09,5.14,5.03,5.04,5.08,-0.04,-0.7874,108604.0,55086.509
78,603169.SH,20200904,5.05,5.17,5.01,5.08,5.32,-0.24,-4.5113,173897.17,88641.961
79,603169.SH,20200903,5.5,5.63,5.28,5.32,5.35,-0.03,-0.5607,283652.19,154427.658
80,603169.SH,20200902,5.29,5.55,5.13,5.35,5.29,0.06,1.1342,177467.98,93532.835
81,603169.SH,20200901,5.22,5.32,5.19,5.29,5.25,0.04,0.7619,87580.18,45950.898
82,603169.SH,20200831,5.17,5.34,5.12,5.25,5.14,0.11,2.1401,165803.59,86983.779
83,603169.SH,20200828,5.09,5.19,5.06,5.14,5.09,0.05,0.9823,87236.64,44735.236
84,603169.SH,20200827,5.12,5.12,5.0,5.09,5.12,-0.03,-0.5859,90199.92,45684.65
85,603169.SH,20200826,5.09,5.14,5.03,5.12,5.07,0.05,0.9862,98713.33,50236.04
86,603169.SH,20200825,5.16,5.24,5.04,5.07,5.16,-0.09,-1.7442,137313.47,70243.422
87,603169.SH,20200824,5.27,5.3,5.09,5.16,5.31,-0.15,-2.8249,137570.53,71180.488
88,603169.SH,20200821,5.34,5.41,5.25,5.31,5.36,-0.05,-0.9328,151475.54,80520.851
89,603169.SH,20200820,5.42,5.55,5.35,5.36,5.47,-0.11,-2.011,145136.15,79055.081
90,603169.SH,20200819,5.65,5.68,5.41,5.47,5.65,-0.18,-3.1858,246376.59,136409.782
91,603169.SH,20200818,5.56,5.76,5.48,5.65,5.53,0.12,2.17,337012.83,190500.242
92,603169.SH,20200817,5.45,5.66,5.39,5.53,5.48,0.05,0.9124,273933.71,151174.057
93,603169.SH,20200814,5.22,5.75,5.17,5.48,5.26,0.22,4.1825,276601.59,150963.951
94,603169.SH,20200813,5.21,5.45,5.14,5.26,5.19,0.07,1.3487,201541.97,106902.893
95,603169.SH,20200812,5.24,5.3,5.09,5.19,5.3,-0.11,-2.0755,192198.04,99295.018
96,603169.SH,20200811,5.53,5.57,5.28,5.3,5.57,-0.27,-4.8474,298871.22,162287.185
97,603169.SH,20200810,5.15,5.72,5.13,5.57,5.2,0.37,7.1154,493115.47,270045.465
98,603169.SH,20200807,5.22,5.35,5.12,5.2,5.34,-0.14,-2.6217,246866.36,129039.343
99,603169.SH,20200806,5.12,5.46,4.96,5.34,5.13,0.21,4.0936,322789.85,166767.785
100,603169.SH,20200805,5.1,5.14,5.02,5.13,5.1,0.03,0.5882,123607.53,62898.49
101,603169.SH,20200804,5.27,5.27,5.09,5.1,5.26,-0.16,-3.0418,199970.71,103049.339
102,603169.SH,20200803,5.2,5.32,5.16,5.26,5.16,0.1,1.938,221855.53,116506.404
103,603169.SH,20200731,5.13,5.24,5.04,5.16,5.19,-0.03,-0.578,180089.08,92779.236
104,603169.SH,20200730,5.11,5.34,5.02,5.19,5.11,0.08,1.5656,246932.07,127764.026
105,603169.SH,20200729,5.07,5.13,4.91,5.11,5.07,0.04,0.789,155758.89,78645.829
106,603169.SH,20200728,5.19,5.2,5.0,5.07,5.15,-0.08,-1.5534,160881.28,81743.683
107,603169.SH,20200727,5.01,5.3,4.76,5.15,5.04,0.11,2.1825,297263.96,151520.891
108,603169.SH,20200724,5.18,5.34,4.95,5.04,5.2,-0.16,-3.0769,233725.78,119685.617
109,603169.SH,20200723,4.95,5.49,4.92,5.2,5.0,0.2,4.0,328550.54,171012.718
110,603169.SH,20200722,4.98,5.08,4.91,5.0,4.97,0.03,0.6036,175725.93,87630.22
111,603169.SH,20200721,5.06,5.1,4.89,4.97,5.05,-0.08,-1.5842,194049.75,96564.443
112,603169.SH,20200720,4.88,5.05,4.82,5.05,4.81,0.24,4.9896,246838.43,122626.944
113,603169.SH,20200717,5.1,5.14,4.8,4.81,5.28,-0.47,-8.9015,366401.65,180504.6
114,603169.SH,20200716,5.28,5.51,5.28,5.28,5.87,-0.59,-10.0511,541437.7,289669.492
115,603169.SH,20200715,5.5,6.0,5.47,5.87,5.45,0.42,7.7064,1085082.32,629603.645
116,603169.SH,20200714,5.0,5.45,4.96,5.45,4.95,0.5,10.101,442033.07,237081.529
117,603169.SH,20200713,4.86,4.96,4.83,4.95,4.86,0.09,1.8519,141803.25,69676.512
118,603169.SH,20200710,4.92,5.02,4.83,4.86,4.97,-0.11,-2.2133,161921.24,79623.458
119,603169.SH,20200709,4.92,5.15,4.89,4.97,4.93,0.04,0.8114,240502.03,120297.158
120,603169.SH,20200708,4.88,4.95,4.74,4.93,4.86,0.07,1.4403,250395.28,121782.927
121,603169.SH,20200707,4.91,5.06,4.83,4.86,4.76,0.1,2.1008,461345.16,228375.419
122,603169.SH,20200706,4.35,4.76,4.35,4.76,4.33,0.43,9.9307,239908.58,111948.54
123,603169.SH,20200703,4.28,4.36,4.27,4.33,4.28,0.05,1.1682,83759.33,36191.592
124,603169.SH,20200702,4.21,4.28,4.21,4.28,4.23,0.05,1.182,56908.53,24205.815
125,603169.SH,20200701,4.18,4.26,4.15,4.23,4.18,0.05,1.1962,58405.54,24612.101
126,603169.SH,20200630,4.17,4.21,4.17,4.18,4.15,0.03,0.7229,24936.3,10425.537
127,603169.SH,20200629,4.14,4.18,4.14,4.15,4.15,0.0,0.0,31419.44,13055.067
128,603169.SH,20200624,4.18,4.22,4.12,4.15,4.21,-0.06,-1.4252,39806.4,16535.764
129,603169.SH,20200623,4.25,4.26,4.19,4.21,4.25,-0.04,-0.9412,30107.93,12675.554
130,603169.SH,20200622,4.28,4.3,4.25,4.25,4.28,-0.03,-0.7009,30875.16,13208.276
131,603169.SH,20200619,4.25,4.29,4.25,4.28,4.27,0.01,0.2342,33068.0,14117.17
132,603169.SH,20200618,4.28,4.3,4.24,4.27,4.32,-0.05,-1.1574,45074.1,19244.361
133,603169.SH,20200617,4.21,4.32,4.19,4.32,4.2,0.12,2.8571,62359.06,26554.028
134,603169.SH,20200616,4.16,4.2,4.16,4.2,4.15,0.05,1.2048,27358.6,11447.868
135,603169.SH,20200615,4.19,4.2,4.15,4.15,4.19,-0.04,-0.9547,34494.1,14395.496
136,603169.SH,20200612,4.13,4.2,4.11,4.19,4.23,-0.04,-0.9456,38418.0,15992.549
137,603169.SH,20200611,4.3,4.31,4.22,4.23,4.3,-0.07,-1.6279,34126.28,14556.473
138,603169.SH,20200610,4.35,4.35,4.29,4.3,4.33,-0.03,-0.6928,22934.0,9882.198
139,603169.SH,20200609,4.33,4.33,4.29,4.33,4.32,0.01,0.2315,27257.0,11756.527
140,603169.SH,20200608,4.34,4.38,4.3,4.32,4.35,-0.03,-0.6897,48604.8,21111.243
141,603169.SH,20200605,4.33,4.37,4.28,4.35,4.33,0.02,0.4619,54841.8,23727.271
142,603169.SH,20200604,4.29,4.42,4.29,4.33,4.31,0.02,0.464,75668.95,32970.43
143,603169.SH,20200603,4.35,4.4,4.31,4.31,4.37,-0.06,-1.373,64205.58,27797.847
144,603169.SH,20200602,4.24,4.48,4.22,4.37,4.24,0.13,3.066,123693.33,54109.685
145,603169.SH,20200601,4.13,4.27,4.13,4.24,4.14,0.1,2.4155,45091.0,19030.269
146,603169.SH,20200529,4.11,4.18,4.09,4.14,4.13,0.01,0.2421,30638.0,12698.435
147,603169.SH,20200528,4.21,4.23,4.07,4.13,4.19,-0.06,-1.432,48558.0,20105.022
148,603169.SH,20200527,4.25,4.27,4.19,4.19,4.24,-0.05,-1.1792,40605.8,17181.931
149,603169.SH,20200526,4.18,4.24,4.17,4.24,4.18,0.06,1.4354,27857.05,11758.459
150,603169.SH,20200525,4.29,4.29,4.15,4.18,4.26,-0.08,-1.8779,42535.2,17843.112
151,603169.SH,20200522,4.4,4.41,4.22,4.26,4.41,-0.15,-3.4014,71156.4,30598.765
152,603169.SH,20200521,4.42,4.45,4.39,4.41,4.42,-0.01,-0.2262,36451.0,16097.726
153,603169.SH,20200520,4.47,4.47,4.4,4.42,4.47,-0.05,-1.1186,51514.0,22812.865
154,603169.SH,20200519,4.53,4.55,4.46,4.47,4.49,-0.02,-0.4454,45704.0,20490.673
155,603169.SH,20200518,4.52,4.59,4.47,4.49,4.43,0.06,1.3544,82790.0,37444.706
156,603169.SH,20200515,4.46,4.49,4.43,4.43,4.46,-0.03,-0.6726,40050.18,17833.688
157,603169.SH,20200514,4.49,4.5,4.44,4.46,4.5,-0.04,-0.8889,60487.64,26984.995
158,603169.SH,20200513,4.51,4.54,4.47,4.5,4.53,-0.03,-0.6623,51404.38,23178.564
159,603169.SH,20200512,4.59,4.63,4.51,4.53,4.63,-0.1,-2.1598,82128.25,37418.678
160,603169.SH,20200511,4.5,4.7,4.49,4.63,4.53,0.1,2.2075,155461.36,71617.549
161,603169.SH,20200508,4.48,4.6,4.48,4.53,4.47,0.06,1.3423,67167.26,30381.95
162,603169.SH,20200507,4.55,4.57,4.46,4.47,4.54,-0.07,-1.5419,64732.46,29135.695
163,603169.SH,20200506,4.47,4.55,4.43,4.54,4.54,0.0,0.0,72334.87,32579.464
164,603169.SH,20200430,4.57,4.62,4.36,4.54,4.65,-0.11,-2.3656,176258.75,79275.525
165,603169.SH,20200429,4.62,4.74,4.59,4.65,4.62,0.03,0.6494,90594.56,42293.932
166,603169.SH,20200428,4.71,4.83,4.5,4.62,4.76,-0.14,-2.9412,108603.65,50446.333
167,603169.SH,20200427,4.66,4.99,4.58,4.76,4.67,0.09,1.9272,192554.96,92657.782
168,603169.SH,20200424,4.73,4.82,4.52,4.67,4.73,-0.06,-1.2685,162994.51,76147.361
169,603169.SH,20200423,4.63,4.78,4.57,4.73,4.65,0.08,1.7204,152744.77,71641.188
170,603169.SH,20200422,4.51,4.78,4.48,4.65,4.5,0.15,3.3333,154741.63,71891.41
171,603169.SH,20200421,4.49,4.54,4.46,4.5,4.51,-0.01,-0.2217,51228.95,23038.571
172,603169.SH,20200420,4.56,4.56,4.49,4.51,4.54,-0.03,-0.6608,54154.01,24488.905
173,603169.SH,20200417,4.57,4.63,4.51,4.54,4.52,0.02,0.4425,69447.54,31660.251
174,603169.SH,20200416,4.48,4.54,4.44,4.52,4.48,0.04,0.8929,40952.31,18423.806
175,603169.SH,20200415,4.56,4.56,4.47,4.48,4.56,-0.08,-1.7544,48894.56,22074.692
176,603169.SH,20200414,4.52,4.57,4.5,4.56,4.51,0.05,1.1086,40548.7,18413.356
177,603169.SH,20200413,4.52,4.55,4.45,4.51,4.53,-0.02,-0.4415,54078.0,24274.233
178,603169.SH,20200410,4.72,4.72,4.52,4.53,4.67,-0.14,-2.9979,58139.0,26635.837
179,603169.SH,20200409,4.7,4.73,4.66,4.67,4.66,0.01,0.2146,53660.0,25155.759
180,603169.SH,20200408,4.68,4.69,4.61,4.66,4.63,0.03,0.6479,68076.1,31672.918
181,603169.SH,20200407,4.57,4.69,4.55,4.63,4.5,0.13,2.8889,78158.33,36137.489
182,603169.SH,20200403,4.54,4.59,4.49,4.5,4.54,-0.04,-0.8811,58438.0,26519.517
183,603169.SH,20200402,4.41,4.57,4.39,4.54,4.43,0.11,2.4831,72080.17,32268.941
184,603169.SH,20200401,4.44,4.52,4.42,4.43,4.47,-0.04,-0.8949,46863.0,20951.794
185,603169.SH,20200331,4.56,4.56,4.46,4.47,4.49,-0.02,-0.4454,50312.58,22701.005
186,603169.SH,20200330,4.55,4.58,4.43,4.49,4.63,-0.14,-3.0238,64498.09,28914.088
187,603169.SH,20200327,4.71,4.77,4.61,4.63,4.66,-0.03,-0.6438,61193.42,28677.925
188,603169.SH,20200326,4.78,4.78,4.65,4.66,4.8,-0.14,-2.9167,68733.3,32347.612
189,603169.SH,20200325,4.78,4.81,4.7,4.8,4.67,0.13,2.7837,92849.69,44138.391
190,603169.SH,20200324,4.65,4.71,4.51,4.67,4.58,0.09,1.9651,80224.65,37054.845
191,603169.SH,20200323,4.8,4.86,4.57,4.58,4.95,-0.37,-7.4747,137538.27,64750.998
192,603169.SH,20200320,4.8,5.03,4.76,4.95,4.84,0.11,2.2727,161078.83,79491.448
193,603169.SH,20200319,4.63,4.87,4.63,4.84,4.77,0.07,1.4675,161975.4,77544.795
194,603169.SH,20200318,4.63,5.0,4.5,4.77,4.56,0.21,4.6053,228359.23,108006.253
195,603169.SH,20200317,4.67,4.69,4.41,4.56,4.62,-0.06,-1.2987,92808.85,42156.537
196,603169.SH,20200316,4.87,4.93,4.6,4.62,4.84,-0.22,-4.5455,113165.51,53875.218
197,603169.SH,20200313,4.59,4.86,4.53,4.84,4.95,-0.11,-2.2222,149244.41,70305.651
198,603169.SH,20200312,5.04,5.05,4.91,4.95,5.12,-0.17,-3.3203,127612.28,63609.215
199,603169.SH,20200311,5.16,5.32,5.12,5.12,5.17,-0.05,-0.9671,152245.06,79517.701
200,603169.SH,20200310,5.05,5.19,4.91,5.17,5.14,0.03,0.5837,154734.43,78245.52
201,603169.SH,20200309,5.23,5.36,5.13,5.14,5.41,-0.27,-4.9908,206868.75,108163.444
202,603169.SH,20200306,5.27,5.51,5.2,5.41,5.38,0.03,0.5576,315448.44,168895.144
203,603169.SH,20200305,5.41,5.44,5.33,5.38,5.44,-0.06,-1.1029,277201.59,149220.669
204,603169.SH,20200304,5.2,5.47,5.16,5.44,5.28,0.16,3.0303,328469.52,175232.911
205,603169.SH,20200303,5.19,5.31,5.07,5.28,5.07,0.21,4.142,255342.37,133069.353
206,603169.SH,20200302,4.78,5.08,4.78,5.07,4.77,0.3,6.2893,155327.6,77150.452
207,603169.SH,20200228,5.15,5.16,4.75,4.77,5.27,-0.5,-9.4877,261038.79,129297.353
208,603169.SH,20200227,5.22,5.53,5.1,5.27,5.2,0.07,1.3462,237601.39,125553.104
209,603169.SH,20200226,5.13,5.36,5.07,5.2,5.2,0.0,0.0,167922.45,88283.755
210,603169.SH,20200225,5.26,5.26,4.98,5.2,5.3,-0.1,-1.8868,172905.55,88820.52
211,603169.SH,20200224,5.4,5.41,5.24,5.3,5.3,0.0,0.0,117177.33,62159.608
212,603169.SH,20200221,5.24,5.39,5.21,5.3,5.28,0.02,0.3788,113542.07,60261.354
213,603169.SH,20200220,5.25,5.33,5.16,5.28,5.22,0.06,1.1494,137418.05,72080.249
214,603169.SH,20200219,5.29,5.31,5.19,5.22,5.27,-0.05,-0.9488,119257.77,62475.031
215,603169.SH,20200218,5.1,5.31,5.09,5.27,5.1,0.17,3.3333,164739.66,86363.855
216,603169.SH,20200217,4.98,5.12,4.97,5.1,4.98,0.12,2.4096,113007.17,57196.055
217,603169.SH,20200214,5.05,5.09,4.91,4.98,5.02,-0.04,-0.7968,101232.94,50431.277
218,603169.SH,20200213,4.95,5.22,4.9,5.02,4.96,0.06,1.2097,162983.9,82568.506
219,603169.SH,20200212,4.86,4.99,4.86,4.96,4.95,0.01,0.202,111096.55,54701.993
220,603169.SH,20200211,4.81,5.24,4.76,4.95,4.79,0.16,3.3403,225090.18,112894.502
221,603169.SH,20200210,4.61,4.8,4.57,4.79,4.65,0.14,3.0108,117810.4,55621.045
222,603169.SH,20200207,4.62,4.66,4.56,4.65,4.64,0.01,0.2155,102659.18,47460.637
223,603169.SH,20200206,4.63,4.69,4.57,4.64,4.61,0.03,0.6508,124087.5,57325.153
224,603169.SH,20200205,4.51,4.69,4.48,4.61,4.46,0.15,3.3632,120550.31,55502.358
225,603169.SH,20200204,4.32,4.64,4.32,4.46,4.8,-0.34,-7.0833,156157.99,69766.816
226,603169.SH,20200203,4.8,4.8,4.8,4.8,5.33,-0.53,-9.9437,12866.0,6175.68
227,603169.SH,20200123,5.51,5.6,5.21,5.33,5.6,-0.27,-4.8214,119400.65,64256.148
228,603169.SH,20200122,5.6,5.65,5.44,5.6,5.61,-0.01,-0.1783,69916.99,38829.874
229,603169.SH,20200121,5.73,5.76,5.57,5.61,5.71,-0.1,-1.7513,72773.06,41167.218
230,603169.SH,20200120,5.68,5.76,5.68,5.71,5.73,-0.02,-0.349,56805.36,32453.636
231,603169.SH,20200117,5.84,5.87,5.71,5.73,5.81,-0.08,-1.3769,60295.0,34869.195
232,603169.SH,20200116,5.9,5.91,5.79,5.81,5.9,-0.09,-1.5254,65554.94,38364.004
233,603169.SH,20200115,6.0,6.0,5.86,5.9,5.98,-0.08,-1.3378,69274.8,40943.435
234,603169.SH,20200114,6.0,6.09,5.96,5.98,5.98,0.0,0.0,91377.42,54995.526
235,603169.SH,20200113,5.99,6.0,5.87,5.98,5.97,0.01,0.1675,81084.06,48081.434
236,603169.SH,20200110,6.11,6.11,5.95,5.97,6.11,-0.14,-2.2913,121463.34,73001.268
237,603169.SH,20200109,6.02,6.22,5.99,6.11,5.97,0.14,2.3451,195712.09,119699.457
238,603169.SH,20200108,6.02,6.15,5.96,5.97,6.03,-0.06,-0.995,159709.02,96608.489
239,603169.SH,20200107,5.98,6.06,5.97,6.03,6.0,0.03,0.5,107415.87,64674.669
240,603169.SH,20200106,5.88,6.05,5.85,6.0,5.95,0.05,0.8403,119237.02,71362.885
241,603169.SH,20200103,5.98,6.05,5.92,5.95,5.95,0.0,0.0,129294.4,77255.257
242,603169.SH,20200102,5.88,6.0,5.85,5.95,5.84,0.11,1.8836,127302.25,75605.11
243,603169.SH,20191231,5.8,5.87,5.75,5.84,5.77,0.07,1.2132,78015.85,45404.907
244,603169.SH,20191230,5.74,5.78,5.59,5.77,5.8,-0.03,-0.5172,75051.81,42842.649
245,603169.SH,20191227,5.86,5.92,5.78,5.8,5.86,-0.06,-1.0239,80073.23,46863.299
246,603169.SH,20191226,5.9,5.9,5.76,5.86,5.87,-0.01,-0.1704,79778.91,46460.591
247,603169.SH,20191225,5.88,5.96,5.82,5.87,5.92,-0.05,-0.8446,86803.92,50937.581
248,603169.SH,20191224,5.72,6.06,5.68,5.92,5.67,0.25,4.4092,131132.99,77137.398
249,603169.SH,20191223,5.82,5.84,5.65,5.67,5.84,-0.17,-2.911,75209.76,43285.417
250,603169.SH,20191220,5.95,5.98,5.83,5.84,5.93,-0.09,-1.5177,86767.79,51397.326
251,603169.SH,20191219,5.86,5.98,5.85,5.93,5.87,0.06,1.0221,98695.2,58336.602
252,603169.SH,20191218,5.93,5.96,5.86,5.87,5.94,-0.07,-1.1785,104491.76,61671.825
253,603169.SH,20191217,5.81,5.97,5.8,5.94,5.81,0.13,2.2375,147837.76,87552.261
254,603169.SH,20191216,5.73,5.83,5.69,5.81,5.72,0.09,1.5734,98872.61,57065.504
255,603169.SH,20191213,5.68,5.74,5.65,5.72,5.68,0.04,0.7042,86646.4,49343.369
256,603169.SH,20191212,5.64,5.85,5.61,5.68,5.66,0.02,0.3534,126786.31,72696.816
257,603169.SH,20191211,5.65,5.69,5.63,5.66,5.65,0.01,0.177,59344.0,33562.295
258,603169.SH,20191210,5.62,5.68,5.6,5.65,5.64,0.01,0.1773,49784.99,28059.03
259,603169.SH,20191209,5.67,5.69,5.61,5.64,5.67,-0.03,-0.5291,51270.42,28944.515
260,603169.SH,20191206,5.65,5.68,5.61,5.67,5.64,0.03,0.5319,51918.0,29331.492
261,603169.SH,20191205,5.56,5.68,5.56,5.64,5.58,0.06,1.0753,79653.17,44913.963
262,603169.SH,20191204,5.49,5.73,5.47,5.58,5.55,0.03,0.5405,74095.12,41565.868
263,603169.SH,20191203,5.52,5.55,5.39,5.55,5.55,0.0,0.0,67242.55,36730.422
264,603169.SH,20191202,5.63,5.67,5.53,5.55,5.64,-0.09,-1.5957,66008.76,36828.495
265,603169.SH,20191129,5.67,5.72,5.6,5.64,5.73,-0.09,-1.5707,87318.69,49269.786
266,603169.SH,20191128,5.65,5.95,5.58,5.73,5.62,0.11,1.9573,166908.58,96307.86
267,603169.SH,20191127,5.63,5.69,5.56,5.62,5.64,-0.02,-0.3546,80191.4,45156.484
268,603169.SH,20191126,5.68,5.69,5.56,5.64,5.69,-0.05,-0.8787,119757.1,67215.085
269,603169.SH,20191125,5.5,5.87,5.47,5.69,5.48,0.21,3.8321,202854.06,115528.672
270,603169.SH,20191122,5.47,5.56,5.46,5.48,5.46,0.02,0.3663,84280.86,46405.549
271,603169.SH,20191121,5.44,5.52,5.4,5.46,5.45,0.01,0.1835,53114.19,29056.401
272,603169.SH,20191120,5.55,5.56,5.44,5.45,5.51,-0.06,-1.0889,56738.61,31139.595
273,603169.SH,20191119,5.43,5.55,5.37,5.51,5.38,0.13,2.4164,79445.48,43645.892
274,603169.SH,20191118,5.32,5.43,5.27,5.38,5.32,0.06,1.1278,47561.35,25546.941
275,603169.SH,20191115,5.47,5.47,5.32,5.32,5.49,-0.17,-3.0965,70121.73,37686.342
276,603169.SH,20191114,5.35,5.53,5.32,5.49,5.29,0.2,3.7807,138492.51,75719.391
277,603169.SH,20191113,5.38,5.38,5.28,5.29,5.38,-0.09,-1.6729,42461.05,22598.517
278,603169.SH,20191112,5.35,5.42,5.25,5.38,5.35,0.03,0.5607,69842.99,37284.889
279,603169.SH,20191111,5.51,5.56,5.25,5.35,5.59,-0.24,-4.2934,119165.93,63921.878
280,603169.SH,20191108,5.68,5.69,5.57,5.59,5.64,-0.05,-0.8865,65188.79,36651.315
281,603169.SH,20191107,5.63,5.66,5.58,5.64,5.6,0.04,0.7143,58289.6,32771.35
282,603169.SH,20191106,5.64,5.69,5.56,5.6,5.66,-0.06,-1.0601,75643.22,42357.255
283,603169.SH,20191105,5.72,5.76,5.56,5.66,5.71,-0.05,-0.8757,102178.0,57639.882
284,603169.SH,20191104,5.9,5.9,5.63,5.71,6.09,-0.38,-6.2397,201673.83,115709.408
285,603169.SH,20191101,6.03,6.11,5.94,6.09,6.02,0.07,1.1628,62523.6,37902.283
286,603169.SH,20191031,6.18,6.23,6.01,6.02,6.14,-0.12,-1.9544,72057.0,43991.541
287,603169.SH,20191030,6.25,6.28,6.13,6.14,6.28,-0.14,-2.2293,71657.46,44196.302
288,603169.SH,20191029,6.45,6.45,6.28,6.28,6.48,-0.2,-3.0864,96903.18,61494.869
289,603169.SH,20191028,6.37,6.48,6.36,6.48,6.37,0.11,1.7268,97280.82,62541.308
290,603169.SH,20191025,6.31,6.45,6.29,6.37,6.3,0.07,1.1111,76843.84,49027.083
291,603169.SH,20191024,6.28,6.37,6.22,6.3,6.27,0.03,0.4785,58569.31,36952.869
292,603169.SH,20191023,6.41,6.41,6.26,6.27,6.37,-0.1,-1.5699,71248.18,44977.29
293,603169.SH,20191022,6.22,6.38,6.22,6.37,6.21,0.16,2.5765,105490.76,66685.301
294,603169.SH,20191021,6.27,6.27,6.1,6.21,6.27,-0.06,-0.9569,56268.07,34707.374
295,603169.SH,20191018,6.45,6.48,6.21,6.27,6.44,-0.17,-2.6398,94338.71,59571.922
296,603169.SH,20191017,6.49,6.59,6.4,6.44,6.5,-0.06,-0.9231,64564.15,41894.591
297,603169.SH,20191016,6.67,6.68,6.45,6.5,6.63,-0.13,-1.9608,77694.7,50832.112
298,603169.SH,20191015,6.76,6.76,6.55,6.63,6.76,-0.13,-1.9231,81647.01,54103.441
299,603169.SH,20191014,6.75,6.8,6.72,6.76,6.68,0.08,1.1976,92918.2,62762.881
300,603169.SH,20191011,6.74,6.78,6.62,6.68,6.69,-0.01,-0.1495,73963.26,49421.516
301,603169.SH,20191010,6.67,6.75,6.62,6.69,6.66,0.03,0.4505,84657.14,56568.332
302,603169.SH,20191009,6.5,6.69,6.42,6.66,6.54,0.12,1.8349,83347.82,54950.982
303,603169.SH,20191008,6.48,6.67,6.43,6.54,6.41,0.13,2.0281,77058.5,50304.24
304,603169.SH,20190930,6.55,6.58,6.4,6.41,6.52,-0.11,-1.6871,53621.13,34759.184
305,603169.SH,20190927,6.45,6.58,6.45,6.52,6.44,0.08,1.2422,70806.43,46241.511
306,603169.SH,20190926,6.85,6.85,6.41,6.44,6.78,-0.34,-5.0147,151198.22,99318.36
307,603169.SH,20190925,6.93,6.93,6.78,6.78,6.97,-0.19,-2.726,90073.0,61544.242
308,603169.SH,20190924,6.79,7.08,6.79,6.97,6.78,0.19,2.8024,159171.65,110897.92
309,603169.SH,20190923,6.97,6.97,6.76,6.78,6.97,-0.19,-2.726,124976.08,85302.899
310,603169.SH,20190920,7.09,7.1,6.96,6.97,7.08,-0.11,-1.5537,119923.14,84064.732
311,603169.SH,20190919,7.02,7.11,6.92,7.08,7.02,0.06,0.8547,133175.61,93449.284
312,603169.SH,20190918,7.12,7.12,7.0,7.02,7.03,-0.01,-0.1422,124536.23,87677.628
313,603169.SH,20190917,7.34,7.36,7.01,7.03,7.35,-0.32,-4.3537,266375.48,190086.372
314,603169.SH,20190916,7.52,7.65,7.28,7.35,7.46,-0.11,-1.4745,306115.22,227150.262
315,603169.SH,20190912,7.53,7.67,7.36,7.46,7.53,-0.07,-0.9296,295635.17,221292.015
316,603169.SH,20190911,7.38,7.77,7.27,7.53,7.37,0.16,2.171,556551.8,419084.18
317,603169.SH,20190910,7.19,7.46,7.12,7.37,7.2,0.17,2.3611,411644.44,300312.325
318,603169.SH,20190909,7.18,7.23,7.08,7.2,7.11,0.09,1.2658,280949.49,200892.173
319,603169.SH,20190906,7.21,7.27,6.97,7.11,7.2,-0.09,-1.25,264089.67,187761.859
320,603169.SH,20190905,7.15,7.32,7.15,7.2,7.18,0.02,0.2786,416336.17,300783.222
321,603169.SH,20190904,7.03,7.36,6.99,7.18,7.09,0.09,1.2694,410205.52,295173.048
322,603169.SH,20190903,7.04,7.3,6.9,7.09,6.99,0.1,1.4306,377580.94,267911.51
323,603169.SH,20190902,6.72,7.08,6.71,6.99,6.76,0.23,3.4024,322666.46,222761.493
324,603169.SH,20190830,7.07,7.1,6.7,6.76,6.96,-0.2,-2.8736,258227.87,177424.202
325,603169.SH,20190829,7.1,7.15,6.95,6.96,7.13,-0.17,-2.3843,273963.48,192216.257
326,603169.SH,20190828,7.09,7.3,6.93,7.13,7.12,0.01,0.1404,380394.2,270584.267
327,603169.SH,20190827,7.04,7.37,6.94,7.12,7.02,0.1,1.4245,404976.85,290004.175
328,603169.SH,20190826,6.8,7.25,6.78,7.02,6.98,0.04,0.5731,407045.96,286844.117
329,603169.SH,20190823,7.4,7.47,6.9,6.98,7.12,-0.14,-1.9663,609740.46,437153.605
330,603169.SH,20190822,6.47,7.12,6.47,7.12,6.47,0.65,10.0464,440090.02,298697.471
331,603169.SH,20190821,6.44,6.62,6.43,6.47,6.56,-0.09,-1.372,172139.84,111856.818
332,603169.SH,20190820,6.48,6.75,6.48,6.56,6.37,0.19,2.9827,355471.22,234040.64
333,603169.SH,20190819,6.22,6.42,6.16,6.37,6.16,0.21,3.4091,217983.43,137313.824
334,603169.SH,20190816,6.18,6.27,6.12,6.16,6.26,-0.1,-1.5974,155138.61,96169.48
335,603169.SH,20190815,5.91,6.42,5.9,6.26,6.2,0.06,0.9677,198556.38,122217.169
336,603169.SH,20190814,6.28,6.39,6.18,6.2,6.2,0.0,0.0,140376.04,88122.116
337,603169.SH,20190813,6.27,6.28,6.14,6.2,6.3,-0.1,-1.5873,109174.15,67604.603
338,603169.SH,20190812,6.15,6.32,6.12,6.3,6.16,0.14,2.2727,138720.1,86706.592
339,603169.SH,20190809,6.3,6.36,6.12,6.16,6.3,-0.14,-2.2222,150162.0,93612.223
340,603169.SH,20190808,6.39,6.48,6.29,6.3,6.34,-0.04,-0.6309,152494.93,97023.129
341,603169.SH,20190807,6.59,6.67,6.28,6.34,6.65,-0.31,-4.6617,217048.43,140525.422
342,603169.SH,20190806,6.44,6.9,6.0,6.65,6.57,0.08,1.2177,383846.55,246929.449
343,603169.SH,20190805,6.69,6.77,6.55,6.57,6.67,-0.1,-1.4993,150592.58,100274.121
344,603169.SH,20190802,6.65,6.82,6.46,6.67,6.94,-0.27,-3.8905,288290.18,191063.573
345,603169.SH,20190801,7.04,7.08,6.92,6.94,7.13,-0.19,-2.6648,235337.21,164500.023
346,603169.SH,20190731,6.9,7.24,6.77,7.13,6.94,0.19,2.7378,351568.61,245721.975
347,603169.SH,20190730,7.07,7.11,6.9,6.94,7.1,-0.16,-2.2535,286615.63,200297.24
348,603169.SH,20190729,7.12,7.18,6.96,7.1,7.08,0.02,0.2825,367999.97,260881.042
349,603169.SH,20190726,6.74,7.22,6.67,7.08,6.78,0.3,4.4248,578943.33,407781.429
350,603169.SH,20190725,6.89,6.91,6.75,6.78,6.93,-0.15,-2.1645,290996.89,198156.357
351,603169.SH,20190724,6.89,7.05,6.68,6.93,6.74,0.19,2.819,627144.85,431825.647
352,603169.SH,20190723,6.2,6.74,6.2,6.74,6.13,0.61,9.9511,368164.42,238808.113
353,603169.SH,20190722,6.52,6.58,6.12,6.13,6.43,-0.3,-4.6656,195991.07,123591.394
354,603169.SH,20190719,6.47,6.56,6.43,6.43,6.42,0.01,0.1558,136496.01,88705.411
355,603169.SH,20190718,6.57,6.59,6.35,6.42,6.64,-0.22,-3.3133,189925.02,122558.051
356,603169.SH,20190717,6.58,6.7,6.53,6.64,6.62,0.02,0.3021,160468.88,106438.31
357,603169.SH,20190716,6.64,6.69,6.6,6.62,6.7,-0.08,-1.194,139198.66,92392.77
358,603169.SH,20190715,6.53,6.8,6.42,6.7,6.53,0.17,2.6034,266162.43,177353.242
359,603169.SH,20190712,6.64,6.65,6.51,6.53,6.55,-0.02,-0.3053,151169.09,99276.696
360,603169.SH,20190711,6.64,6.77,6.42,6.55,6.67,-0.12,-1.7991,236653.89,156210.827
361,603169.SH,20190710,6.65,6.86,6.57,6.67,6.64,0.03,0.4518,305093.09,205571.911
362,603169.SH,20190709,6.7,6.72,6.56,6.64,6.64,0.0,0.0,189028.43,125224.903
363,603169.SH,20190708,7.05,7.06,6.5,6.64,7.09,-0.45,-6.347,328442.45,219811.838
364,603169.SH,20190705,7.14,7.17,6.94,7.09,7.16,-0.07,-0.9777,268350.37,188746.891
365,603169.SH,20190704,7.17,7.33,7.08,7.16,7.19,-0.03,-0.4172,286754.42,206624.902
366,603169.SH,20190703,7.2,7.29,7.08,7.19,7.21,-0.02,-0.2774,261405.38,187296.441
367,603169.SH,20190702,7.38,7.44,7.18,7.21,7.35,-0.14,-1.9048,329850.89,240385.533
368,603169.SH,20190701,7.39,7.47,7.28,7.35,7.26,0.09,1.2397,378481.4,279040.094
369,603169.SH,20190628,7.67,7.67,7.06,7.26,7.7,-0.44,-5.7143,495921.83,363566.469
370,603169.SH,20190627,7.56,7.73,7.51,7.7,7.56,0.14,1.8519,501173.13,382355.741
371,603169.SH,20190626,7.67,7.78,7.4,7.56,7.83,-0.27,-3.4483,481402.38,365254.14
372,603169.SH,20190625,8.34,8.34,7.55,7.83,8.37,-0.54,-6.4516,791325.3,617916.664
373,603169.SH,20190624,8.78,8.98,8.37,8.37,9.3,-0.93,-10.0,1096194.5,948481.717
374,603169.SH,20190621,8.39,9.3,8.31,9.3,8.45,0.85,10.0592,1152168.44,1018103.944
375,603169.SH,20190620,8.25,8.78,8.1,8.45,8.7,-0.25,-2.8736,942915.4,792125.953
376,603169.SH,20190619,8.6,9.18,8.2,8.7,8.69,0.01,0.1151,1245600.49,1069806.07
377,603169.SH,20190618,9.4,9.4,8.51,8.69,9.46,-0.77,-8.1395,1317297.03,1146926.289
378,603169.SH,20190617,8.66,9.46,8.66,9.46,8.6,0.86,10.0,937943.99,865600.963
379,603169.SH,20190614,7.6,9.08,7.6,8.6,8.44,0.16,1.8957,1321469.08,1094754.831
380,603169.SH,20190613,8.1,8.44,7.78,8.44,7.67,0.77,10.0391,919116.25,760422.088
381,603169.SH,20190612,7.67,7.67,7.67,7.67,6.97,0.7,10.043,76090.89,58361.713
382,603169.SH,20190611,6.38,6.97,6.36,6.97,6.34,0.63,9.9369,191677.02,129494.201
383,603169.SH,20190610,6.0,6.34,5.87,6.34,5.76,0.58,10.0694,419022.98,260803.969
384,603169.SH,20190606,5.39,5.76,5.31,5.76,5.24,0.52,9.9237,209684.27,117353.148
385,603169.SH,20190605,5.35,5.37,5.23,5.24,5.27,-0.03,-0.5693,69804.2,36862.017
386,603169.SH,20190604,5.4,5.43,5.22,5.27,5.43,-0.16,-2.9466,84731.82,44856.47
387,603169.SH,20190603,5.64,5.64,5.4,5.43,5.62,-0.19,-3.3808,105363.76,57875.225
388,603169.SH,20190531,5.4,5.99,5.36,5.62,5.53,0.09,1.6275,183842.66,103859.592
389,603169.SH,20190530,5.53,5.53,5.18,5.53,5.49,0.04,0.7286,111075.41,59338.457
390,603169.SH,20190529,5.53,5.58,5.44,5.49,5.5,-0.01,-0.1818,63975.82,35341.664
391,603169.SH,20190528,5.45,5.59,5.41,5.5,5.46,0.04,0.7326,100057.57,55310.57
392,603169.SH,20190527,5.36,5.48,5.26,5.46,5.3,0.16,3.0189,74472.53,40155.698
393,603169.SH,20190524,5.38,5.42,5.24,5.3,5.36,-0.06,-1.1194,71560.04,38160.412
394,603169.SH,20190523,5.55,5.57,5.31,5.36,5.54,-0.18,-3.2491,76985.66,41798.772
395,603169.SH,20190522,5.75,5.75,5.45,5.54,5.69,-0.15,-2.6362,78000.11,43515.486
396,603169.SH,20190521,5.55,5.79,5.55,5.69,5.54,0.15,2.7076,92957.0,52615.446
397,603169.SH,20190520,5.65,5.65,5.33,5.54,5.62,-0.08,-1.4235,87355.36,47894.923
398,603169.SH,20190517,6.03,6.04,5.53,5.62,6.01,-0.39,-6.4892,134770.95,77205.987
399,603169.SH,20190516,6.01,6.09,5.95,6.01,6.04,-0.03,-0.4967,88089.79,52866.687
400,603169.SH,20190515,5.87,6.18,5.85,6.04,5.87,0.17,2.8961,128422.09,77067.781
401,603169.SH,20190514,5.86,5.98,5.81,5.87,5.93,-0.06,-1.0118,68413.4,40424.222
402,603169.SH,20190513,6.0,6.16,5.82,5.93,5.89,0.04,0.6791,145356.19,86765.845
403,603169.SH,20190510,5.66,5.92,5.6,5.89,5.56,0.33,5.9353,158141.19,91634.101
404,603169.SH,20190509,5.72,5.81,5.55,5.56,5.9,-0.34,-5.7627,115228.18,65401.951
405,603169.SH,20190508,5.92,6.11,5.55,5.9,5.97,-0.07,-1.1725,161241.99,93071.966
406,603169.SH,20190507,6.2,6.2,5.9,5.97,6.02,-0.05,-0.8306,147473.92,89117.107
407,603169.SH,20190506,6.05,6.68,5.85,6.02,6.4,-0.38,-5.9375,225776.04,141000.138
408,603169.SH,20190430,6.07,6.51,5.93,6.4,5.93,0.47,7.9258,217027.28,137259.654
409,603169.SH,20190429,6.42,6.75,5.78,5.93,6.38,-0.45,-7.0533,190812.8,118711.409
410,603169.SH,20190426,6.24,6.67,6.14,6.38,6.27,0.11,1.7544,181485.8,116889.229
411,603169.SH,20190425,6.95,6.95,6.27,6.27,6.97,-0.7,-10.043,228901.59,149984.896
412,603169.SH,20190424,6.75,6.97,6.63,6.97,6.63,0.34,5.1282,185119.69,126664.113
413,603169.SH,20190423,6.7,6.76,6.53,6.63,6.68,-0.05,-0.7485,94665.61,63083.283
414,603169.SH,20190422,6.89,6.9,6.65,6.68,6.84,-0.16,-2.3392,100119.44,67753.748
415,603169.SH,20190419,6.7,6.87,6.69,6.84,6.74,0.1,1.4837,87881.87,59697.84
416,603169.SH,20190418,6.84,6.93,6.69,6.74,6.85,-0.11,-1.6058,104475.66,70890.202
417,603169.SH,20190417,6.8,7.02,6.75,6.85,6.8,0.05,0.7353,116010.8,79900.769
418,603169.SH,20190416,6.7,6.83,6.53,6.8,6.69,0.11,1.6442,124888.44,83573.591
419,603169.SH,20190415,7.02,7.13,6.68,6.69,7.02,-0.33,-4.7009,190920.05,131394.539
420,603169.SH,20190412,6.95,7.22,6.95,7.02,6.99,0.03,0.4292,124711.14,88230.19
421,603169.SH,20190411,7.32,7.33,6.97,6.99,7.31,-0.32,-4.3776,152087.29,108113.156
422,603169.SH,20190410,7.11,7.38,6.91,7.31,7.2,0.11,1.5278,217957.01,156484.165
423,603169.SH,20190409,7.18,7.29,7.1,7.2,7.18,0.02,0.2786,147800.58,106545.892
424,603169.SH,20190408,7.36,7.5,7.01,7.18,7.34,-0.16,-2.1798,241155.09,175213.481
425,603169.SH,20190404,7.57,7.66,7.31,7.34,7.57,-0.23,-3.0383,260167.23,193288.45
426,603169.SH,20190403,7.35,7.85,7.17,7.57,7.57,0.0,0.0,384860.62,287708.288
427,603169.SH,20190402,7.59,7.97,7.38,7.57,7.38,0.19,2.5745,621824.67,478975.915
428,603169.SH,20190401,6.7,7.38,6.7,7.38,6.71,0.67,9.9851,337330.96,240730.984
429,603169.SH,20190329,6.52,6.77,6.4,6.71,6.42,0.29,4.5171,244783.94,161463.552
430,603169.SH,20190328,6.73,6.8,6.4,6.42,6.88,-0.46,-6.686,267775.29,176522.028
431,603169.SH,20190327,6.78,6.94,6.55,6.88,6.76,0.12,1.7751,285251.53,193149.079
432,603169.SH,20190326,7.17,7.25,6.67,6.76,7.3,-0.54,-7.3973,386474.09,265638.009
433,603169.SH,20190325,7.33,7.6,7.06,7.3,7.78,-0.48,-6.1697,516319.1,379684.132
434,603169.SH,20190322,8.07,8.43,7.68,7.78,7.66,0.12,1.5666,880733.34,705429.926
435,603169.SH,20190321,7.66,7.66,7.28,7.66,6.96,0.7,10.0575,409236.8,311372.64
436,603169.SH,20190320,6.33,6.96,6.25,6.96,6.33,0.63,9.9526,648112.97,435205.265
437,603169.SH,20190319,6.33,6.33,6.3,6.33,5.75,0.58,10.087,243186.43,153928.251
438,603169.SH,20190318,5.62,5.77,5.55,5.75,5.54,0.21,3.7906,114850.15,65324.9
439,603169.SH,20190315,5.55,5.63,5.49,5.54,5.49,0.05,0.9107,97565.84,54329.392
440,603169.SH,20190314,5.73,5.83,5.4,5.49,5.77,-0.28,-4.8527,140328.05,77878.231
441,603169.SH,20190313,6.0,6.09,5.7,5.77,6.01,-0.24,-3.9933,176647.77,103897.555
442,603169.SH,20190312,6.09,6.25,5.89,6.01,6.02,-0.01,-0.1661,251824.41,152480.917
443,603169.SH,20190311,6.05,6.07,5.8,6.02,5.85,0.17,2.906,219460.17,130771.069
444,603169.SH,20190308,6.0,6.14,5.75,5.85,6.03,-0.18,-2.9851,312746.21,186204.725
445,603169.SH,20190307,5.92,6.17,5.9,6.03,6.13,-0.1,-1.6313,328266.12,197646.01
446,603169.SH,20190306,5.7,6.3,5.66,6.13,5.75,0.38,6.6087,427436.73,254146.397
447,603169.SH,20190305,5.5,5.85,5.41,5.75,5.5,0.25,4.5455,322865.45,180305.74
448,603169.SH,20190304,5.46,5.68,5.41,5.5,5.46,0.04,0.7326,271445.45,150920.534
449,603169.SH,20190301,5.4,5.7,5.3,5.46,5.45,0.01,0.1835,217793.73,118259.476
450,603169.SH,20190228,5.33,5.66,5.24,5.45,5.33,0.12,2.2514,321077.29,174070.087
451,603169.SH,20190227,5.64,5.64,5.2,5.33,5.6,-0.27,-4.8214,236547.76,128384.559
452,603169.SH,20190226,5.34,5.86,5.22,5.6,5.36,0.24,4.4776,374178.61,208089.654
453,603169.SH,20190225,5.1,5.42,5.05,5.36,5.15,0.21,4.0777,344963.47,181309.95
454,603169.SH,20190222,5.02,5.38,4.91,5.15,5.02,0.13,2.5896,365463.36,186643.155
455,603169.SH,20190221,4.95,5.16,4.85,5.02,5.02,0.0,0.0,262929.39,131125.976
456,603169.SH,20190220,4.97,5.08,4.8,5.02,5.1,-0.08,-1.5686,309542.02,152881.017
457,603169.SH,20190219,4.66,5.15,4.6,5.1,4.68,0.42,8.9744,450319.19,225214.009
458,603169.SH,20190218,4.34,4.77,4.34,4.68,4.34,0.34,7.8341,265984.66,122829.137
459,603169.SH,20190215,4.38,4.41,4.32,4.34,4.43,-0.09,-2.0316,96114.59,41976.887
460,603169.SH,20190214,4.27,4.55,4.23,4.43,4.29,0.14,3.2634,155313.84,68041.488
461,603169.SH,20190213,4.24,4.33,4.15,4.29,4.22,0.07,1.6588,105150.3,44643.797
462,603169.SH,20190212,4.15,4.39,4.15,4.22,4.14,0.08,1.9324,102220.3,43481.661
463,603169.SH,20190211,4.05,4.16,4.03,4.14,4.0,0.14,3.5,79352.44,32704.528
464,603169.SH,20190201,3.92,4.02,3.85,4.0,3.92,0.08,2.0408,59375.39,23616.662
465,603169.SH,20190131,3.96,4.1,3.92,3.92,4.35,-0.43,-9.8851,186308.98,74450.699
466,603169.SH,20190130,4.7,4.7,4.32,4.35,4.6,-0.25,-5.4348,122965.6,54773.763
467,603169.SH,20190129,4.8,4.8,4.48,4.6,4.86,-0.26,-5.3498,163782.43,75857.17
468,603169.SH,20190128,4.73,5.13,4.67,4.86,4.66,0.2,4.2918,230048.91,112723.512
469,603169.SH,20190125,4.63,4.75,4.6,4.66,4.64,0.02,0.431,103823.72,48619.802
470,603169.SH,20190124,4.7,4.77,4.58,4.64,4.76,-0.12,-2.521,106708.75,49623.013
471,603169.SH,20190123,4.66,4.8,4.66,4.76,4.69,0.07,1.4925,137738.28,65389.435
472,603169.SH,20190122,4.7,4.78,4.66,4.69,4.7,-0.01,-0.2128,96218.26,45308.729
473,603169.SH,20190121,4.71,4.8,4.66,4.7,4.7,0.0,0.0,92049.15,43419.446
474,603169.SH,20190118,4.86,4.86,4.65,4.7,4.8,-0.1,-2.0833,138819.0,65646.254
475,603169.SH,20190117,4.92,4.93,4.68,4.8,4.95,-0.15,-3.0303,229147.47,109928.033
476,603169.SH,20190116,5.07,5.08,4.84,4.95,5.05,-0.1,-1.9802,171472.5,84769.557
477,603169.SH,20190115,4.98,5.14,4.91,5.05,5.03,0.02,0.3976,233474.64,117094.974
478,603169.SH,20190114,5.15,5.17,4.95,5.03,5.12,-0.09,-1.7578,199083.24,100680.027
479,603169.SH,20190111,5.2,5.58,5.0,5.12,5.42,-0.3,-5.5351,430825.58,224804.612
480,603169.SH,20190110,5.07,5.67,4.99,5.42,5.15,0.27,5.2427,497606.83,270788.523
481,603169.SH,20190109,4.59,5.15,4.45,5.15,4.68,0.47,10.0427,351110.52,166620.299
482,603169.SH,20190108,5.0,5.03,4.66,4.68,4.57,0.11,2.407,384586.08,186884.552
483,603169.SH,20190107,4.18,4.57,4.13,4.57,4.15,0.42,10.1205,143110.82,63172.895
484,603169.SH,20190104,4.02,4.18,3.97,4.15,4.09,0.06,1.467,98070.12,40258.746
485,603169.SH,20190103,4.18,4.18,4.07,4.09,4.2,-0.11,-2.619,80777.01,33166.558
486,603169.SH,20190102,4.21,4.23,4.07,4.2,4.27,-0.07,-1.6393,119941.77,49603.103
487,603169.SH,20181228,4.52,4.55,4.25,4.27,4.47,-0.2,-4.4743,211306.9,93041.468
488,603169.SH,20181227,4.34,4.47,4.34,4.47,4.06,0.41,10.0985,84866.25,37817.566
489,603169.SH,20181226,4.03,4.07,4.0,4.06,4.03,0.03,0.7444,23338.0,9439.209
490,603169.SH,20181225,4.03,4.04,3.94,4.03,4.09,-0.06,-1.467,33858.0,13510.456
491,603169.SH,20181224,4.1,4.1,4.03,4.09,4.09,0.0,0.0,20378.82,8292.563
492,603169.SH,20181221,4.05,4.09,4.03,4.09,4.04,0.05,1.2376,22714.0,9226.674
493,603169.SH,20181220,4.0,4.07,3.99,4.04,4.02,0.02,0.4975,18224.0,7357.49
494,603169.SH,20181219,4.13,4.13,4.01,4.02,4.11,-0.09,-2.1898,22838.31,9253.069
495,603169.SH,20181218,4.05,4.12,4.03,4.11,4.05,0.06,1.4815,32884.71,13431.382
496,603169.SH,20181217,4.0,4.09,4.0,4.05,4.07,-0.02,-0.4914,22677.0,9188.073
497,603169.SH,20181214,4.24,4.24,4.04,4.07,4.25,-0.18,-4.2353,53025.04,21885.41
498,603169.SH,20181213,4.19,4.29,4.16,4.25,4.2,0.05,1.1905,39128.26,16565.147
499,603169.SH,20181212,4.21,4.23,4.19,4.2,4.21,-0.01,-0.2375,26097.78,10995.83
500,603169.SH,20181211,4.23,4.27,4.16,4.21,4.23,-0.02,-0.4728,34641.2,14566.988
501,603169.SH,20181210,4.28,4.3,4.2,4.23,4.3,-0.07,-1.6279,27595.0,11685.161
502,603169.SH,20181207,4.32,4.38,4.26,4.3,4.36,-0.06,-1.3761,39793.32,17110.665
503,603169.SH,20181206,4.39,4.47,4.31,4.36,4.43,-0.07,-1.5801,33213.21,14508.756
504,603169.SH,20181205,4.47,4.5,4.4,4.43,4.52,-0.09,-1.9912,33990.06,15131.642
505,603169.SH,20181204,4.47,4.55,4.47,4.52,4.51,0.01,0.2217,44029.93,19863.864
506,603169.SH,20181203,4.5,4.52,4.35,4.51,4.39,0.12,2.7335,62354.5,27874.232
507,603169.SH,20181130,4.36,4.39,4.15,4.39,4.36,0.03,0.6881,57691.5,24759.377
508,603169.SH,20181129,4.49,4.7,4.35,4.36,4.46,-0.1,-2.2422,71844.32,32465.837
509,603169.SH,20181128,4.4,4.49,4.32,4.46,4.43,0.03,0.6772,35168.0,15529.205
510,603169.SH,20181127,4.44,4.45,4.34,4.43,4.36,0.07,1.6055,40726.5,17956.769
511,603169.SH,20181126,4.36,4.45,4.33,4.36,4.31,0.05,1.1601,36516.58,16047.708
512,603169.SH,20181123,4.69,4.69,4.31,4.31,4.68,-0.37,-7.906,65182.57,29138.675
513,603169.SH,20181122,4.73,4.75,4.63,4.68,4.68,0.0,0.0,43580.0,20433.995
514,603169.SH,20181121,4.55,4.69,4.55,4.68,4.64,0.04,0.8621,45116.53,20899.051
515,603169.SH,20181120,4.8,4.82,4.61,4.64,4.8,-0.16,-3.3333,68122.0,32211.627
516,603169.SH,20181119,4.76,4.81,4.67,4.8,4.75,0.05,1.0526,58691.66,27912.218
517,603169.SH,20181116,4.77,4.84,4.71,4.75,4.76,-0.01,-0.2101,77064.67,36728.202
518,603169.SH,20181115,4.69,4.84,4.62,4.76,4.69,0.07,1.4925,83606.01,39752.291
519,603169.SH,20181114,4.65,4.77,4.62,4.69,4.65,0.04,0.8602,69427.69,32600.653
520,603169.SH,20181113,4.47,4.71,4.47,4.65,4.55,0.1,2.1978,86503.59,40019.757
521,603169.SH,20181112,4.38,4.58,4.38,4.55,4.43,0.12,2.7088,49417.3,22348.618
522,603169.SH,20181109,4.34,4.5,4.34,4.43,4.42,0.01,0.2262,30278.41,13430.958
523,603169.SH,20181108,4.52,4.56,4.42,4.42,4.49,-0.07,-1.559,37595.6,16872.718
524,603169.SH,20181107,4.55,4.6,4.47,4.49,4.61,-0.12,-2.603,54294.17,24605.407
525,603169.SH,20181106,4.5,4.7,4.43,4.61,4.5,0.11,2.4444,79970.63,36546.096
526,603169.SH,20181105,4.52,4.57,4.44,4.5,4.56,-0.06,-1.3158,63421.13,28502.317
527,603169.SH,20181102,4.48,4.63,4.38,4.56,4.4,0.16,3.6364,98166.97,43815.207
528,603169.SH,20181101,4.38,4.54,4.3,4.4,4.4,0.0,0.0,82946.86,36706.493
529,603169.SH,20181031,4.19,4.45,4.19,4.4,4.19,0.21,5.0119,85167.21,37093.648
530,603169.SH,20181030,4.16,4.26,4.11,4.19,4.17,0.02,0.4796,26867.91,11274.175
531,603169.SH,20181029,4.25,4.27,4.12,4.17,4.28,-0.11,-2.5701,21771.22,9143.699
532,603169.SH,20181026,4.32,4.37,4.25,4.28,4.27,0.01,0.2342,29895.44,12874.572
533,603169.SH,20181025,4.19,4.28,4.03,4.27,4.35,-0.08,-1.8391,30439.85,12836.413
534,603169.SH,20181024,4.25,4.54,4.19,4.35,4.26,0.09,2.1127,46814.75,20302.863
535,603169.SH,20181023,4.32,4.42,4.21,4.26,4.32,-0.06,-1.3889,33601.61,14446.682
536,603169.SH,20181022,4.1,4.33,4.1,4.32,4.1,0.22,5.3659,50985.36,21728.842
537,603169.SH,20181019,4.05,4.18,3.9,4.1,4.01,0.09,2.2444,33290.99,13515.712
538,603169.SH,20181018,4.2,4.2,3.98,4.01,4.21,-0.2,-4.7506,29631.63,12077.326
539,603169.SH,20181017,4.18,4.25,4.12,4.21,4.15,0.06,1.4458,24408.8,10215.085
540,603169.SH,20181016,4.28,4.38,4.06,4.15,4.27,-0.12,-2.8103,26876.55,11345.935
541,603169.SH,20181015,4.31,4.43,4.27,4.27,4.35,-0.08,-1.8391,25653.0,11183.795
542,603169.SH,20181012,4.5,4.65,4.2,4.35,4.55,-0.2,-4.3956,52105.15,22844.844
543,603169.SH,20181011,4.82,4.86,4.55,4.55,5.05,-0.5,-9.901,78500.6,36665.108
544,603169.SH,20181010,5.11,5.13,5.01,5.05,5.11,-0.06,-1.1742,47867.6,24141.398
545,603169.SH,20181009,4.96,5.15,4.91,5.11,4.98,0.13,2.6104,73650.76,37119.682
546,603169.SH,20181008,4.92,5.07,4.86,4.98,5.01,-0.03,-0.5988,52430.23,26216.717
547,603169.SH,20180928,4.89,5.05,4.89,5.01,4.92,0.09,1.8293,34434.05,17178.214
548,603169.SH,20180927,5.05,5.23,4.88,4.92,5.04,-0.12,-2.381,51518.15,25932.033
549,603169.SH,20180926,5.1,5.1,5.02,5.04,5.08,-0.04,-0.7874,44228.08,22384.258
550,603169.SH,20180925,5.05,5.11,5.02,5.08,5.12,-0.04,-0.7813,39318.21,19853.816
551,603169.SH,20180921,5.07,5.21,5.06,5.12,5.12,0.0,0.0,78024.95,39974.828
552,603169.SH,20180920,5.1,5.29,5.02,5.12,5.14,-0.02,-0.3891,109182.73,56002.284
553,603169.SH,20180919,4.88,5.41,4.84,5.14,4.92,0.22,4.4715,135577.51,70040.54
554,603169.SH,20180918,4.8,4.99,4.7,4.92,4.77,0.15,3.1447,59749.0,29113.756
555,603169.SH,20180917,4.82,4.86,4.77,4.77,4.79,-0.02,-0.4175,21470.87,10309.113
556,603169.SH,20180914,4.91,4.94,4.76,4.79,4.92,-0.13,-2.6423,35308.34,17079.598
557,603169.SH,20180913,4.85,4.93,4.82,4.92,4.87,0.05,1.0267,33555.07,16396.163
558,603169.SH,20180912,4.81,5.1,4.77,4.87,4.81,0.06,1.2474,57751.08,28351.016
559,603169.SH,20180911,4.77,4.86,4.73,4.81,4.74,0.07,1.4768,26760.6,12791.055
560,603169.SH,20180910,4.92,4.96,4.73,4.74,4.92,-0.18,-3.6585,31503.83,15187.619
561,603169.SH,20180907,4.93,5.02,4.89,4.92,4.96,-0.04,-0.8065,32339.13,15995.386
562,603169.SH,20180906,5.06,5.06,4.9,4.96,5.06,-0.1,-1.9763,34797.91,17336.675
563,603169.SH,20180905,5.12,5.22,5.02,5.06,5.12,-0.06,-1.1719,35757.69,18277.878
564,603169.SH,20180904,5.0,5.12,4.94,5.12,4.96,0.16,3.2258,37261.26,18895.114
565,603169.SH,20180903,4.95,5.01,4.87,4.96,5.0,-0.04,-0.8,24069.0,11854.289
566,603169.SH,20180831,4.98,5.04,4.91,5.0,5.01,-0.01,-0.1996,25168.07,12535.812
567,603169.SH,20180830,5.14,5.19,5.0,5.01,5.14,-0.13,-2.5292,35665.13,18035.0
568,603169.SH,20180829,5.19,5.22,5.12,5.14,5.23,-0.09,-1.7208,33976.6,17541.919
569,603169.SH,20180828,5.29,5.3,5.18,5.23,5.31,-0.08,-1.5066,53432.6,27963.959
570,603169.SH,20180827,5.21,5.34,5.21,5.31,5.27,0.04,0.759,63199.72,33460.02
571,603169.SH,20180824,5.35,5.37,5.24,5.27,5.37,-0.1,-1.8622,68330.86,36113.163
572,603169.SH,20180823,5.16,5.55,5.13,5.37,5.15,0.22,4.2718,135526.44,72251.19
573,603169.SH,20180822,5.09,5.19,5.09,5.15,5.13,0.02,0.3899,59163.4,30402.716
574,603169.SH,20180821,5.09,5.22,5.02,5.13,5.09,0.04,0.7859,63543.2,32662.047
575,603169.SH,20180820,5.09,5.1,4.94,5.09,5.1,-0.01,-0.1961,52757.79,26552.836
576,603169.SH,20180817,5.4,5.41,5.05,5.1,5.31,-0.21,-3.9548,82010.6,42673.812
577,603169.SH,20180816,5.33,5.44,5.26,5.31,5.4,-0.09,-1.6667,80247.6,42940.162
578,603169.SH,20180815,5.6,5.62,5.38,5.4,5.7,-0.3,-5.2632,150455.45,82390.078
579,603169.SH,20180814,5.63,5.78,5.58,5.7,5.72,-0.02,-0.3497,143814.58,81714.308
580,603169.SH,20180813,5.71,5.9,5.62,5.72,6.0,-0.28,-4.6667,221660.96,127283.083
581,603169.SH,20180810,6.44,6.75,5.91,6.0,6.14,-0.14,-2.2801,398918.51,254271.383
582,603169.SH,20180809,6.1,6.14,6.1,6.14,5.58,0.56,10.0358,75980.07,46573.285
583,603169.SH,20180808,5.0,5.58,4.99,5.58,5.07,0.51,10.0592,95356.16,51208.878
584,603169.SH,20180807,4.85,5.09,4.85,5.07,4.9,0.17,3.4694,50944.78,25488.532
585,603169.SH,20180806,4.76,4.96,4.72,4.9,4.86,0.04,0.823,31893.2,15505.539
586,603169.SH,20180803,4.8,4.95,4.8,4.86,4.84,0.02,0.4132,37877.11,18520.327
587,603169.SH,20180802,5.17,5.17,4.69,4.84,5.17,-0.33,-6.383,70925.0,34892.368
588,603169.SH,20180801,5.25,5.37,5.14,5.17,5.28,-0.11,-2.0833,53798.61,28314.521
589,603169.SH,20180731,5.41,5.59,5.23,5.28,5.48,-0.2,-3.6496,78614.43,42076.264
590,603169.SH,20180730,5.28,5.67,5.26,5.48,5.35,0.13,2.4299,120234.17,65689.09
591,603169.SH,20180727,5.28,5.45,5.17,5.35,5.28,0.07,1.3258,104852.74,55955.518
592,603169.SH,20180726,5.1,5.28,5.1,5.28,5.21,0.07,1.3436,71929.93,37406.892
593,603169.SH,20180725,5.03,5.48,5.03,5.21,5.05,0.16,3.1683,123556.43,65155.981
594,603169.SH,20180724,4.95,5.1,4.95,5.05,4.95,0.1,2.0202,62396.94,31436.36
595,603169.SH,20180723,4.86,4.98,4.86,4.95,4.88,0.07,1.4344,26001.47,12815.934
596,603169.SH,20180720,4.8,4.94,4.79,4.88,4.84,0.04,0.8264,25843.04,12582.362
597,603169.SH,20180719,4.91,4.95,4.81,4.84,4.92,-0.08,-1.63,23955.68,11641.79
598,603169.SH,20180718,4.95,5.01,4.91,4.92,4.96,-0.04,-0.81,24927.6,12330.018
599,603169.SH,20180717,5.01,5.01,4.89,4.96,4.97,-0.01,-0.2,26439.09,13076.886
600,603169.SH,20180716,4.89,5.08,4.81,4.97,4.87,0.1,2.05,46309.19,22959.064
601,603169.SH,20180713,4.88,4.99,4.85,4.87,4.95,-0.08,-1.62,42072.88,20600.856
602,603169.SH,20180712,4.79,5.15,4.76,4.95,4.79,0.16,3.34,58857.0,29114.82
603,603169.SH,20180711,4.9,4.9,4.71,4.79,4.94,-0.15,-3.04,28393.74,13565.728
604,603169.SH,20180710,4.93,5.06,4.86,4.94,4.94,0.0,0.0,33819.61,16739.793
605,603169.SH,20180709,4.9,5.03,4.84,4.94,4.86,0.08,1.65,30756.0,15202.152
606,603169.SH,20180706,4.74,4.93,4.73,4.86,4.8,0.06,1.25,33281.87,16164.092
607,603169.SH,20180705,5.05,5.06,4.8,4.8,5.14,-0.34,-6.61,53653.13,26352.481
608,603169.SH,20180704,5.09,5.48,4.98,5.14,5.01,0.13,2.59,82480.49,42690.447
609,603169.SH,20180703,4.88,5.03,4.86,5.01,4.88,0.13,2.66,30447.38,15062.025
610,603169.SH,20180702,5.01,5.06,4.87,4.88,5.01,-0.13,-2.59,26227.84,13027.418
611,603169.SH,20180629,4.92,5.02,4.86,5.01,4.93,0.08,1.62,35753.24,17694.486
612,603169.SH,20180628,4.78,4.97,4.78,4.93,4.8,0.13,2.71,41340.53,20291.092
613,603169.SH,20180627,4.94,4.98,4.79,4.8,4.98,-0.18,-3.61,35533.0,17335.156
614,603169.SH,20180626,4.69,4.99,4.64,4.98,4.78,0.2,4.18,39028.78,18994.745
615,603169.SH,20180625,4.75,4.88,4.7,4.78,4.74,0.04,0.84,26809.33,12837.646
616,603169.SH,20180622,4.58,4.82,4.52,4.74,4.59,0.15,3.27,33828.54,15920.453
617,603169.SH,20180621,4.95,4.96,4.57,4.59,4.93,-0.34,-6.9,34739.0,16545.324
618,603169.SH,20180620,4.79,5.03,4.74,4.93,4.81,0.12,2.49,29959.14,14547.944
619,603169.SH,20180619,5.25,5.26,4.8,4.81,5.33,-0.52,-9.76,52177.0,25971.65
620,603169.SH,20180615,5.65,5.67,5.28,5.33,5.62,-0.29,-5.16,34059.69,18387.297
621,603169.SH,20180614,5.73,5.83,5.61,5.62,5.78,-0.16,-2.77,22154.9,12639.13
622,603169.SH,20180613,6.0,6.0,5.75,5.78,5.97,-0.19,-3.18,21979.29,12846.951
623,603169.SH,20180612,5.93,6.05,5.88,5.97,5.91,0.06,1.02,21709.75,12924.39
624,603169.SH,20180611,6.08,6.11,5.89,5.91,6.03,-0.12,-1.99,20327.7,12164.079
625,603169.SH,20180608,6.12,6.13,6.0,6.03,6.12,-0.09,-1.47,16861.24,10211.329
626,603169.SH,20180607,6.25,6.25,6.11,6.12,6.25,-0.13,-2.08,26098.0,16053.395
627,603169.SH,20180606,6.18,6.45,6.09,6.25,6.25,0.0,0.0,37683.11,23526.563
628,603169.SH,20180605,6.03,6.48,6.03,6.25,6.11,0.14,2.29,30246.0,19024.365
629,603169.SH,20180604,6.18,6.18,6.06,6.11,6.09,0.02,0.33,9678.9,5898.201
630,603169.SH,20180601,6.2,6.25,6.04,6.09,6.21,-0.12,-1.93,15829.6,9694.074
631,603169.SH,20180531,6.19,6.3,6.19,6.21,6.19,0.02,0.32,13409.6,8369.895
632,603169.SH,20180530,6.57,6.57,5.96,6.19,6.61,-0.42,-6.35,31901.94,20043.87
633,603169.SH,20180529,6.66,6.73,6.57,6.61,6.7,-0.09,-1.34,17422.55,11544.161
634,603169.SH,20180528,6.83,6.85,6.64,6.7,6.82,-0.12,-1.76,27109.91,18154.441
635,603169.SH,20180525,6.69,7.03,6.68,6.82,6.72,0.1,1.49,38931.31,26788.564
636,603169.SH,20180524,6.76,6.84,6.71,6.72,6.78,-0.06,-0.89,14132.0,9537.913
637,603169.SH,20180523,6.86,6.89,6.75,6.78,6.9,-0.12,-1.74,21004.28,14340.606
638,603169.SH,20180522,6.86,6.95,6.86,6.9,6.95,-0.05,-0.72,22758.13,15697.333
639,603169.SH,20180521,7.0,7.04,6.88,6.95,7.0,-0.05,-0.71,44703.01,31008.568
640,603169.SH,20180518,6.63,7.01,6.63,7.0,6.67,0.33,4.95,71670.16,49325.656
641,603169.SH,20180517,6.69,6.77,6.62,6.67,6.78,-0.11,-1.62,15998.22,10702.837
642,603169.SH,20180516,6.65,6.9,6.65,6.78,6.75,0.03,0.44,21023.56,14258.466
643,603169.SH,20180515,6.75,6.76,6.64,6.75,6.67,0.08,1.2,14818.65,9942.992
644,603169.SH,20180514,6.7,6.79,6.62,6.67,6.74,-0.07,-1.04,17064.22,11448.273
645,603169.SH,20180511,6.92,6.95,6.65,6.74,6.82,-0.08,-1.17,27538.78,18651.546
646,603169.SH,20180510,6.84,6.93,6.78,6.82,6.88,-0.06,-0.87,24030.0,16418.916
647,603169.SH,20180509,6.81,7.0,6.66,6.88,6.81,0.07,1.03,31556.21,21669.976
648,603169.SH,20180508,6.87,6.87,6.76,6.81,6.82,-0.01,-0.15,14995.8,10188.094
649,603169.SH,20180507,6.77,6.85,6.68,6.82,6.72,0.1,1.49,18053.99,12254.738
650,603169.SH,20180504,6.71,6.85,6.62,6.72,6.72,0.0,0.0,14458.28,9753.011
651,603169.SH,20180503,6.53,6.76,6.52,6.72,6.52,0.2,3.07,22949.85,15226.604
652,603169.SH,20180502,6.77,6.85,6.46,6.52,6.77,-0.25,-3.69,23534.85,15545.477
653,603169.SH,20180427,6.77,6.83,6.72,6.77,6.75,0.02,0.3,16236.95,10996.979
654,603169.SH,20180426,6.91,7.02,6.71,6.75,6.99,-0.24,-3.43,23268.0,15949.671
655,603169.SH,20180425,6.86,7.03,6.84,6.99,6.94,0.05,0.72,16168.8,11263.722
656,603169.SH,20180424,6.85,6.95,6.75,6.94,6.81,0.13,1.91,18374.0,12688.037
657,603169.SH,20180423,6.89,7.0,6.71,6.81,6.91,-0.1,-1.45,24856.7,16978.931
658,603169.SH,20180420,7.15,7.15,6.9,6.91,7.15,-0.24,-3.36,22568.61,15846.901
659,603169.SH,20180419,7.12,7.2,7.08,7.15,7.14,0.01,0.14,20534.64,14697.451
660,603169.SH,20180418,7.13,7.18,6.86,7.14,7.09,0.05,0.71,33436.82,23552.807
661,603169.SH,20180417,7.16,7.26,7.05,7.09,7.19,-0.1,-1.39,25811.0,18484.553
662,603169.SH,20180416,7.33,7.33,7.1,7.19,7.33,-0.14,-1.91,32400.55,23353.957
663,603169.SH,20180413,7.32,7.49,7.27,7.33,7.51,-0.18,-2.4,44234.34,32601.269
664,603169.SH,20180412,7.18,7.88,7.15,7.51,7.2,0.31,4.31,97791.32,73474.864
665,603169.SH,20180411,7.16,7.26,7.14,7.2,7.16,0.04,0.56,25173.52,18144.867
666,603169.SH,20180410,7.12,7.25,7.05,7.16,7.12,0.04,0.56,23719.5,16911.523
667,603169.SH,20180409,7.0,7.2,7.0,7.12,7.23,-0.11,-1.52,31802.23,22586.964
668,603169.SH,20180404,7.19,7.54,7.13,7.23,7.16,0.07,0.98,53477.0,39267.234
669,603169.SH,20180403,7.23,7.23,7.0,7.16,7.33,-0.17,-2.32,27746.52,19810.986
670,603169.SH,20180402,7.21,7.43,7.21,7.33,7.28,0.05,0.69,28561.71,20911.741
671,603169.SH,20180330,7.25,7.34,7.21,7.28,7.28,0.0,0.0,29387.65,21356.404
672,603169.SH,20180329,7.14,7.59,7.07,7.28,7.08,0.2,2.82,56482.9,41609.112
673,603169.SH,20180328,7.19,7.19,7.06,7.08,7.2,-0.12,-1.67,18174.69,12933.967
674,603169.SH,20180327,7.1,7.21,7.05,7.2,7.04,0.16,2.27,29945.82,21383.363
675,603169.SH,20180326,6.85,7.08,6.7,7.04,6.92,0.12,1.73,28368.28,19467.982
676,603169.SH,20180323,7.3,7.3,6.78,6.92,7.47,-0.55,-7.36,43387.84,30646.421
677,603169.SH,20180322,7.52,7.59,7.38,7.47,7.51,-0.04,-0.53,25159.42,18814.469
678,603169.SH,20180321,7.56,7.69,7.49,7.51,7.57,-0.06,-0.79,32076.22,24315.117
679,603169.SH,20180320,7.5,7.66,7.43,7.57,7.52,0.05,0.66,35892.39,27078.383
680,603169.SH,20180319,7.67,7.68,7.46,7.52,7.62,-0.1,-1.31,24833.32,18747.518
681,603169.SH,20180316,7.59,7.69,7.59,7.62,7.65,-0.03,-0.39,18424.19,14090.058
682,603169.SH,20180315,7.57,7.73,7.54,7.65,7.82,-0.17,-2.17,33868.17,25831.415
683,603169.SH,20180314,8.08,8.08,7.75,7.82,7.78,0.04,0.51,54765.85,43379.581
684,603169.SH,20180313,7.83,7.94,7.76,7.78,7.83,-0.05,-0.64,37986.09,29827.624
685,603169.SH,20180312,7.78,7.87,7.76,7.83,7.74,0.09,1.16,38902.49,30379.475
686,603169.SH,20180309,7.69,7.76,7.6,7.74,7.69,0.05,0.65,31340.07,24117.841
687,603169.SH,20180308,7.66,7.73,7.61,7.69,7.6,0.09,1.18,19675.37,15079.198
688,603169.SH,20180307,7.73,7.79,7.58,7.6,7.74,-0.14,-1.81,24998.34,19222.095
689,603169.SH,20180306,7.63,7.8,7.57,7.74,7.63,0.11,1.44,30577.96,23488.915
690,603169.SH,20180305,7.59,7.66,7.53,7.63,7.61,0.02,0.26,18627.01,14138.178
691,603169.SH,20180302,7.61,7.69,7.58,7.61,7.66,-0.05,-0.65,18696.52,14243.817
692,603169.SH,20180301,7.58,7.7,7.58,7.66,7.64,0.02,0.26,20376.08,15588.278
693,603169.SH,20180228,7.79,7.8,7.56,7.64,7.77,-0.13,-1.67,34803.11,26656.077
694,603169.SH,20180227,7.5,8.08,7.44,7.77,7.5,0.27,3.6,59824.6,46427.468
695,603169.SH,20180226,7.36,7.55,7.33,7.5,7.36,0.14,1.9,26300.22,19576.464
696,603169.SH,20180223,7.37,7.39,7.27,7.36,7.32,0.04,0.55,10931.0,8014.712
697,603169.SH,20180222,7.19,7.36,7.19,7.32,7.16,0.16,2.23,11859.74,8659.865
698,603169.SH,20180214,7.17,7.22,7.12,7.16,7.11,0.05,0.7,11993.26,8606.613
699,603169.SH,20180213,7.25,7.33,7.09,7.11,7.14,-0.03,-0.42,16318.0,11755.808
700,603169.SH,20180212,7.0,7.3,7.0,7.14,6.96,0.18,2.59,19154.3,13748.814
701,603169.SH,20180209,7.4,7.4,6.84,6.96,7.59,-0.63,-8.3,47396.26,33685.533
702,603169.SH,20180208,7.47,7.77,7.47,7.59,7.63,-0.04,-0.52,20071.82,15338.862
703,603169.SH,20180207,7.88,7.99,7.4,7.63,7.72,-0.09,-1.17,40836.52,31246.514
704,603169.SH,20180206,7.78,8.39,7.66,7.72,7.65,0.07,0.92,64813.36,51518.356
705,603169.SH,20180205,7.47,7.72,7.1,7.65,7.53,0.12,1.59,25632.72,19183.841
706,603169.SH,20180202,7.75,7.75,7.1,7.53,7.77,-0.24,-3.09,32502.97,24190.784
707,603169.SH,20180201,8.68,8.8,7.76,7.77,8.62,-0.85,-9.86,81953.9,65412.398
708,603169.SH,20180131,8.88,8.91,8.6,8.62,8.89,-0.27,-3.04,32214.25,28266.534
709,603169.SH,20180130,9.01,9.04,8.79,8.89,8.99,-0.1,-1.11,27012.8,23989.782
710,603169.SH,20180129,9.04,9.05,8.9,8.99,9.01,-0.02,-0.22,37912.71,34048.255
711,603169.SH,20180126,8.85,9.02,8.84,9.01,8.95,0.06,0.67,51552.47,46195.885
712,603169.SH,20180125,9.0,9.08,8.92,8.95,8.87,0.08,0.9,61564.0,55386.9
713,603169.SH,20180124,8.81,8.9,8.7,8.87,8.87,0.0,0.0,36752.37,32389.446
714,603169.SH,20180123,8.88,9.05,8.81,8.87,8.87,0.0,0.0,35152.37,31366.514
715,603169.SH,20180122,8.81,8.89,8.8,8.87,8.83,0.04,0.45,26834.3,23740.671
716,603169.SH,20180119,8.94,8.95,8.73,8.83,8.94,-0.11,-1.23,34986.17,30898.733
717,603169.SH,20180118,8.95,8.98,8.85,8.94,8.94,0.0,0.0,31643.08,28235.692
718,603169.SH,20180117,8.85,9.0,8.66,8.94,8.91,0.03,0.34,57146.66,50599.034
719,603169.SH,20180116,8.8,9.08,8.75,8.91,8.74,0.17,1.95,53687.78,47931.42
720,603169.SH,20180115,8.71,8.98,8.71,8.74,8.91,-0.17,-1.91,57147.52,50481.101
721,603169.SH,20180112,8.65,9.12,8.58,8.91,8.68,0.23,2.65,78263.45,69655.798
722,603169.SH,20180111,8.75,8.75,8.55,8.68,8.77,-0.09,-1.03,39352.83,33993.167
723,603169.SH,20180110,8.85,8.9,8.65,8.77,8.86,-0.09,-1.02,39431.37,34433.079
724,603169.SH,20180109,9.04,9.13,8.81,8.86,8.96,-0.1,-1.12,52744.97,47143.312
725,603169.SH,20180108,8.9,9.07,8.76,8.96,8.94,0.02,0.22,76032.38,67606.143
726,603169.SH,20180105,8.71,9.08,8.54,8.94,8.74,0.2,2.29,126057.32,111168.322
727,603169.SH,20180104,8.36,8.97,8.32,8.74,8.36,0.38,4.55,119059.74,103765.09
728,603169.SH,20180103,8.27,8.4,8.27,8.36,8.32,0.04,0.48,31529.25,26295.134
729,603169.SH,20180102,8.39,8.4,8.24,8.32,8.39,-0.07,-0.83,32155.57,26696.342
730,603169.SH,20171229,8.36,8.44,8.29,8.39,8.42,-0.03,-0.36,27923.27,23312.834
731,603169.SH,20171228,8.33,8.45,8.2,8.42,8.41,0.01,0.12,46487.73,38650.322
732,603169.SH,20171227,8.13,8.75,8.06,8.41,8.13,0.28,3.44,81310.16,68479.333
733,603169.SH,20171226,8.06,8.14,8.03,8.13,8.07,0.06,0.74,14705.04,11922.977
734,603169.SH,20171225,8.28,8.28,8.02,8.07,8.29,-0.22,-2.65,21139.47,17211.765
735,603169.SH,20171222,8.26,8.35,8.19,8.29,8.25,0.04,0.48,25946.38,21450.596
736,603169.SH,20171221,8.13,8.33,8.12,8.25,8.14,0.11,1.35,23333.45,19210.686
737,603169.SH,20171220,8.25,8.29,8.13,8.14,8.29,-0.15,-1.81,17473.94,14308.583
738,603169.SH,20171219,8.24,8.33,8.22,8.29,8.22,0.07,0.85,19755.91,16346.932
739,603169.SH,20171218,8.23,8.36,8.2,8.22,8.25,-0.03,-0.36,17119.0,14142.992
740,603169.SH,20171215,8.19,8.27,8.16,8.25,8.25,0.0,0.0,18637.12,15340.613
741,603169.SH,20171214,8.3,8.36,8.23,8.25,8.31,-0.06,-0.72,17873.56,14817.173
742,603169.SH,20171213,8.25,8.41,8.11,8.31,8.3,0.01,0.12,24106.0,19933.556
743,603169.SH,20171212,8.4,8.51,8.27,8.3,8.4,-0.1,-1.19,27109.32,22698.585
744,603169.SH,20171211,8.28,8.43,8.22,8.4,8.21,0.19,2.31,34781.0,29122.759
745,603169.SH,20171208,8.12,8.34,8.12,8.21,8.23,-0.02,-0.24,31435.59,25899.092
746,603169.SH,20171207,8.15,8.51,8.1,8.23,8.14,0.09,1.11,39396.92,32770.437
747,603169.SH,20171206,8.06,8.19,8.04,8.14,8.13,0.01,0.12,22377.36,18150.47
748,603169.SH,20171205,8.5,8.56,8.02,8.13,8.5,-0.37,-4.35,48242.37,39747.008
749,603169.SH,20171204,8.78,8.82,8.49,8.5,8.77,-0.27,-3.08,31846.68,27393.522
750,603169.SH,20171201,8.75,8.84,8.73,8.77,8.74,0.03,0.34,17491.21,15334.397
751,603169.SH,20171130,8.76,8.89,8.74,8.74,8.82,-0.08,-0.91,20085.18,17709.49
752,603169.SH,20171129,8.88,8.95,8.71,8.82,8.87,-0.05,-0.56,22150.67,19482.149
753,603169.SH,20171128,8.74,8.88,8.74,8.87,8.81,0.06,0.68,19023.27,16805.742
754,603169.SH,20171127,8.7,8.84,8.65,8.81,8.76,0.05,0.57,20714.2,18113.985
755,603169.SH,20171124,8.65,8.82,8.55,8.76,8.78,-0.02,-0.23,33878.7,29384.204
756,603169.SH,20171123,8.8,9.38,8.76,8.78,8.84,-0.06,-0.68,63822.77,58145.255
757,603169.SH,20171122,8.77,8.88,8.76,8.84,8.81,0.03,0.34,27266.67,24073.677
758,603169.SH,20171121,8.88,8.9,8.68,8.81,8.94,-0.13,-1.45,37509.81,32890.604
759,603169.SH,20171120,8.98,9.04,8.58,8.94,9.24,-0.3,-3.25,69638.2,60909.657
760,603169.SH,20171117,9.83,9.89,9.09,9.24,9.87,-0.63,-6.38,57986.95,54846.547
761,603169.SH,20171116,9.96,10.02,9.82,9.87,9.96,-0.09,-0.9,25409.0,25145.175
762,603169.SH,20171115,10.0,10.01,9.83,9.96,10.0,-0.04,-0.4,23633.11,23436.745
763,603169.SH,20171114,10.04,10.11,9.9,10.0,10.06,-0.06,-0.6,38612.63,38458.253
764,603169.SH,20171113,10.26,10.26,9.99,10.06,10.28,-0.22,-2.14,47069.91,47400.031
765,603169.SH,20171110,10.51,10.51,10.22,10.28,10.44,-0.16,-1.53,50178.9,51761.379
766,603169.SH,20171109,10.04,10.48,10.02,10.44,10.04,0.4,3.98,87414.1,90169.634
767,603169.SH,20171108,9.88,10.14,9.88,10.04,9.96,0.08,0.8,40336.0,40495.07
768,603169.SH,20171107,9.98,9.98,9.5,9.96,9.97,-0.01,-0.1,31841.94,31530.1
769,603169.SH,20171106,9.85,9.98,9.83,9.97,9.89,0.08,0.81,29082.91,28801.267
770,603169.SH,20171103,10.02,10.14,9.85,9.89,10.01,-0.12,-1.2,42572.7,42409.695
771,603169.SH,20171102,10.37,10.38,9.99,10.01,10.36,-0.35,-3.38,71866.42,72493.574
772,603169.SH,20171101,10.36,10.46,10.2,10.36,10.33,0.03,0.29,39940.72,41403.638
773,603169.SH,20171031,10.41,10.52,10.3,10.33,10.46,-0.13,-1.24,38279.86,39630.086
774,603169.SH,20171030,10.87,10.88,10.18,10.46,10.94,-0.48,-4.39,79471.17,83403.609
775,603169.SH,20171027,10.93,11.22,10.83,10.94,10.97,-0.03,-0.27,86521.71,95331.811
776,603169.SH,20171026,10.85,11.36,10.7,10.97,10.91,0.06,0.55,122737.09,135239.489
777,603169.SH,20171025,10.69,10.92,10.69,10.91,10.81,0.1,0.93,45412.49,49066.195
778,603169.SH,20171024,10.91,10.98,10.66,10.81,11.06,-0.25,-2.26,85332.59,92072.292
779,603169.SH,20171023,11.02,11.44,11.02,11.06,10.77,0.29,2.69,189113.77,210914.579
780,603169.SH,20171011,10.71,10.84,10.71,10.77,10.7,0.07,0.65,37586.6,40487.55
781,603169.SH,20171010,10.57,10.73,10.55,10.7,10.66,0.04,0.38,30032.45,32009.179
782,603169.SH,20171009,10.58,10.67,10.45,10.66,10.45,0.21,2.01,46651.43,49360.051
783,603169.SH,20170929,10.47,10.49,10.37,10.45,10.35,0.1,0.97,24675.2,25758.331
784,603169.SH,20170928,10.46,10.59,10.31,10.35,10.51,-0.16,-1.52,32299.95,33786.408
785,603169.SH,20170927,10.44,10.52,10.33,10.51,10.33,0.18,1.74,31847.6,33202.147
786,603169.SH,20170926,10.37,10.4,10.29,10.33,10.34,-0.01,-0.1,23598.55,24377.98
787,603169.SH,20170925,10.52,10.6,10.28,10.34,10.55,-0.21,-1.99,50446.95,52336.515
788,603169.SH,20170922,10.76,10.77,10.48,10.55,10.7,-0.15,-1.4,51995.78,54940.42
789,603169.SH,20170921,10.82,10.88,10.63,10.7,10.85,-0.15,-1.38,39061.33,42215.625
790,603169.SH,20170920,10.9,10.91,10.78,10.85,10.91,-0.06,-0.55,44084.58,47763.955
791,603169.SH,20170919,10.88,11.08,10.82,10.91,10.89,0.02,0.18,48808.6,53331.271
792,603169.SH,20170918,10.81,10.89,10.8,10.89,10.83,0.06,0.55,35675.24,38672.562
793,603169.SH,20170915,10.93,10.96,10.78,10.83,10.96,-0.13,-1.19,50897.16,55130.355
794,603169.SH,20170914,10.96,10.98,10.88,10.96,10.96,0.0,0.0,45834.43,49974.671
795,603169.SH,20170913,11.01,11.07,10.84,10.96,11.03,-0.07,-0.63,56542.66,61777.842
796,603169.SH,20170912,11.24,11.28,10.98,11.03,11.22,-0.19,-1.69,61200.87,68103.889
797,603169.SH,20170911,11.07,11.22,11.05,11.22,11.1,0.12,1.08,57933.04,64743.703
798,603169.SH,20170908,11.12,11.15,11.03,11.1,11.1,0.0,0.0,41873.64,46488.158
799,603169.SH,20170907,11.19,11.24,11.06,11.1,11.2,-0.1,-0.89,56025.14,62511.174
800,603169.SH,20170906,11.14,11.22,11.05,11.2,11.16,0.04,0.36,61291.49,68271.672
801,603169.SH,20170905,11.21,11.23,11.1,11.16,11.25,-0.09,-0.8,49011.04,54697.019
802,603169.SH,20170904,11.16,11.25,11.1,11.25,11.17,0.08,0.72,57531.94,64302.922
803,603169.SH,20170901,11.18,11.18,11.08,11.17,11.09,0.08,0.72,46720.02,52012.686
804,603169.SH,20170831,11.19,11.19,11.01,11.09,11.22,-0.13,-1.16,49110.59,54459.54
805,603169.SH,20170830,11.21,11.26,11.14,11.22,11.21,0.01,0.09,39310.85,43993.919
806,603169.SH,20170829,11.15,11.25,11.11,11.21,11.15,0.06,0.54,59729.2,66944.347
807,603169.SH,20170828,11.03,11.26,10.99,11.15,11.04,0.11,1.0,49501.0,55133.432
808,603169.SH,20170825,10.83,11.14,10.83,11.04,10.94,0.1,0.91,33927.62,37401.168
809,603169.SH,20170824,11.02,11.15,10.9,10.94,11.16,-0.22,-1.97,44502.9,48838.164
810,603169.SH,20170823,11.26,11.27,11.08,11.16,11.25,-0.09,-0.8,37398.78,41682.101
811,603169.SH,20170822,11.36,11.4,11.16,11.25,11.32,-0.07,-0.62,41369.13,46537.512
812,603169.SH,20170821,11.24,11.39,11.15,11.32,11.22,0.1,0.89,51572.65,58271.387
813,603169.SH,20170818,11.06,11.36,11.02,11.22,11.34,-0.12,-1.06,62577.1,69966.531
814,603169.SH,20170817,10.98,11.7,10.9,11.34,10.96,0.38,3.47,104187.2,118451.6
815,603169.SH,20170816,11.0,11.05,10.88,10.96,10.97,-0.01,-0.09,32099.52,35157.106
816,603169.SH,20170815,10.95,11.09,10.87,10.97,10.93,0.04,0.37,25588.89,28057.976
817,603169.SH,20170814,10.72,11.05,10.72,10.93,10.69,0.24,2.25,35086.88,38279.82
818,603169.SH,20170811,10.8,10.94,10.65,10.69,10.91,-0.22,-2.02,39244.28,42313.377
819,603169.SH,20170810,11.23,11.23,10.85,10.91,11.21,-0.3,-2.68,56978.22,62711.469
820,603169.SH,20170809,11.2,11.37,11.15,11.21,11.26,-0.05,-0.44,48475.79,54396.47
821,603169.SH,20170808,11.18,11.5,11.1,11.26,11.21,0.05,0.45,63447.61,71541.914
822,603169.SH,20170807,11.27,11.27,11.09,11.21,11.28,-0.07,-0.62,44884.32,50084.232
823,603169.SH,20170804,11.11,11.63,11.04,11.28,11.07,0.21,1.9,102617.03,116389.729
824,603169.SH,20170803,11.05,11.28,11.0,11.07,11.18,-0.11,-0.98,41458.76,46142.057
825,603169.SH,20170802,11.13,11.19,10.94,11.18,11.12,0.06,0.54,57419.75,63552.648
826,603169.SH,20170801,11.33,11.34,11.09,11.12,11.32,-0.2,-1.77,61590.63,68767.288
827,603169.SH,20170731,10.88,11.5,10.88,11.32,11.07,0.25,2.26,101474.2,113867.018
828,603169.SH,20170728,10.65,11.21,10.63,11.07,10.69,0.38,3.55,95301.29,104762.698
829,603169.SH,20170727,10.58,10.8,10.5,10.69,10.6,0.09,0.85,51037.6,54554.604
830,603169.SH,20170726,10.83,10.83,10.51,10.6,10.84,-0.24,-2.21,58571.55,62266.208
831,603169.SH,20170725,10.74,11.08,10.61,10.84,10.68,0.16,1.5,61537.18,66632.829
832,603169.SH,20170724,10.5,10.74,10.41,10.68,10.96,-0.28,-2.55,64095.5,68025.605
833,603169.SH,20170721,11.0,11.07,10.9,10.96,11.05,-0.09,-0.81,38190.61,41898.576
834,603169.SH,20170720,11.13,11.26,10.98,11.05,11.15,-0.1,-0.9,54536.14,60597.741
835,603169.SH,20170719,11.0,11.2,10.91,11.15,11.09,0.06,0.54,49198.41,54612.52
836,603169.SH,20170718,10.81,11.2,10.59,11.09,10.85,0.24,2.21,45945.46,50504.111
837,603169.SH,20170717,11.71,11.73,10.8,10.85,11.75,-0.9,-7.66,93097.21,103951.817
838,603169.SH,20170714,11.84,11.91,11.7,11.75,11.92,-0.17,-1.43,43631.2,51411.606
839,603169.SH,20170713,11.88,12.05,11.67,11.92,11.87,0.05,0.42,91941.05,109343.545
840,603169.SH,20170712,11.45,12.11,11.01,11.87,11.46,0.41,3.58,137808.11,159876.925
841,603169.SH,20170711,11.38,11.56,11.35,11.46,11.42,0.04,0.35,53214.8,61026.495
842,603169.SH,20170710,11.82,11.88,11.35,11.42,11.82,-0.4,-3.38,101834.14,117727.219
843,603169.SH,20170707,11.96,11.97,11.72,11.82,11.95,-0.13,-1.09,62212.11,73574.872
844,603169.SH,20170706,12.09,12.11,11.89,11.95,12.1,-0.15,-1.24,56964.26,68222.62
845,603169.SH,20170705,11.85,12.13,11.82,12.1,11.89,0.21,1.77,62511.27,74987.313
846,603169.SH,20170704,12.05,12.08,11.85,11.89,12.05,-0.16,-1.33,55253.27,65909.764
847,603169.SH,20170703,12.15,12.25,11.91,12.05,12.15,-0.1,-0.82,57622.37,69301.979
848,603169.SH,20170630,11.99,12.17,11.86,12.15,11.95,0.2,1.67,84350.39,101501.466
849,603169.SH,20170629,11.83,11.98,11.71,11.95,11.8,0.15,1.27,70223.44,83146.915
850,603169.SH,20170628,12.0,12.0,11.33,11.8,12.06,-0.26,-2.16,110958.23,129370.08
851,603169.SH,20170627,12.2,12.25,11.94,12.07,12.13,-0.06,-0.49,78107.01,94346.357
852,603169.SH,20170626,12.02,12.14,11.84,12.13,12.05,0.08,0.66,85633.73,103208.619
853,603169.SH,20170623,12.4,12.5,11.62,12.05,12.39,-0.34,-2.74,194156.07,233994.088
854,603169.SH,20170622,13.52,13.52,12.16,12.39,13.5,-1.11,-8.22,217039.72,280588.63
855,603169.SH,20170621,13.44,13.63,13.23,13.5,13.4,0.1,0.75,107752.8,145010.357
856,603169.SH,20170620,13.65,13.65,13.27,13.4,13.67,-0.27,-1.98,134715.12,180862.252
857,603169.SH,20170619,13.31,13.69,13.16,13.67,13.31,0.36,2.7,142576.02,192114.656
858,603169.SH,20170616,13.6,13.6,13.27,13.31,13.63,-0.32,-2.35,146160.85,195661.093
859,603169.SH,20170615,13.44,13.97,13.43,13.63,13.66,-0.03,-0.22,171418.62,234958.458
860,603169.SH,20170614,14.17,14.28,13.64,13.66,14.05,-0.39,-2.78,201029.41,279055.234
861,603169.SH,20170613,13.29,14.14,13.28,14.05,13.27,0.78,5.88,251543.46,346699.982
862,603169.SH,20170612,13.8,13.8,13.16,13.27,13.84,-0.57,-4.12,165937.33,222400.266
863,603169.SH,20170609,14.05,14.1,13.7,13.84,14.12,-0.28,-1.98,163311.13,226029.323
864,603169.SH,20170608,13.78,14.16,13.68,14.12,13.99,0.13,0.93,257906.29,358574.544
865,603169.SH,20170607,13.75,14.34,13.55,13.99,13.74,0.25,1.82,365663.1,512153.418
866,603169.SH,20170606,13.7,14.17,13.5,13.74,13.95,-0.21,-1.51,340628.34,469500.326
867,603169.SH,20170605,12.55,13.95,12.42,13.95,12.68,1.27,10.02,396979.06,529986.027
868,603169.SH,20170602,13.0,13.0,12.12,12.68,13.08,-0.4,-3.06,265501.95,332473.476
869,603169.SH,20170601,13.6,13.85,13.01,13.08,13.68,-0.6,-4.39,229207.21,307943.291
870,603169.SH,20170531,13.92,14.05,13.23,13.68,13.92,-0.24,-1.72,260414.98,352917.218
871,603169.SH,20170526,14.07,14.6,13.85,13.92,14.48,-0.56,-3.87,410766.8,580542.97
872,603169.SH,20170525,13.52,14.93,13.32,14.48,13.57,0.91,6.71,569965.02,812145.34
873,603169.SH,20170524,12.96,14.06,12.48,13.57,13.53,0.04,0.3,381644.06,507934.53
874,603169.SH,20170523,13.15,14.39,12.7,13.53,13.15,0.38,2.89,543192.48,729460.78
875,603169.SH,20170522,11.96,13.15,11.92,13.15,11.95,1.2,10.04,335426.78,424039.635
876,603169.SH,20170519,11.92,12.07,11.77,11.95,11.94,0.01,0.08,70490.21,83864.378
877,603169.SH,20170518,11.8,12.36,11.75,11.94,12.08,-0.14,-1.16,129434.54,156043.809
878,603169.SH,20170517,12.04,12.4,11.79,12.08,12.02,0.06,0.5,152205.86,183896.545
879,603169.SH,20170516,11.91,12.1,11.61,12.02,11.83,0.19,1.61,145587.72,172556.912
880,603169.SH,20170515,12.05,12.21,11.74,11.83,12.19,-0.36,-2.95,153561.07,183549.197
881,603169.SH,20170512,12.45,12.48,12.02,12.19,12.48,-0.29,-2.32,159973.85,195765.617
882,603169.SH,20170511,12.3,12.55,12.0,12.48,12.41,0.07,0.56,206692.4,254150.018
883,603169.SH,20170510,11.98,12.95,11.76,12.41,12.08,0.33,2.73,289302.77,356916.814
884,603169.SH,20170509,11.83,12.14,11.32,12.08,11.92,0.16,1.34,188209.57,219664.41
885,603169.SH,20170508,12.65,12.66,11.81,11.92,12.67,-0.75,-5.92,231639.03,281868.313
886,603169.SH,20170505,12.55,13.14,12.27,12.67,12.27,0.4,3.26,448200.2,571924.677
887,603169.SH,20170504,12.25,12.27,12.01,12.27,11.15,1.12,10.04,266147.43,325537.172
888,603169.SH,20170503,11.15,11.15,11.15,11.15,10.14,1.01,9.96,19972.41,22269.237
889,603169.SH,20170502,10.23,10.23,9.95,10.14,10.48,-0.34,-3.24,88447.61,89330.934
890,603169.SH,20170428,10.7,10.7,10.42,10.48,10.64,-0.16,-1.5,70213.72,73901.487
891,603169.SH,20170427,10.5,10.65,10.14,10.64,10.36,0.28,2.7,92066.14,96088.612
892,603169.SH,20170426,10.58,10.59,10.25,10.36,10.57,-0.21,-1.99,78408.64,81643.943
893,603169.SH,20170425,10.52,10.69,10.29,10.57,10.56,0.01,0.09,59597.76,62822.818
894,603169.SH,20170424,11.7,11.78,10.56,10.56,11.73,-1.17,-9.97,120459.0,131327.69
895,603169.SH,20170421,11.79,11.79,11.6,11.73,11.7,0.03,0.26,42022.56,49172.517
896,603169.SH,20170420,12.0,12.16,11.6,11.7,11.96,-0.26,-2.17,74445.11,88267.218
897,603169.SH,20170419,12.4,12.4,11.86,11.96,12.5,-0.54,-4.32,87101.83,104625.989
898,603169.SH,20170418,13.11,13.15,12.37,12.5,13.12,-0.62,-4.73,121524.12,154578.768
899,603169.SH,20170417,13.2,13.34,13.0,13.12,13.17,-0.05,-0.38,81501.4,107151.252
900,603169.SH,20170414,13.04,13.24,12.81,13.17,13.07,0.1,0.77,109648.62,143482.983
901,603169.SH,20170413,12.97,13.16,12.92,13.07,12.97,0.1,0.77,63761.29,83098.065
902,603169.SH,20170412,13.16,13.29,12.95,12.97,13.32,-0.35,-2.63,91899.12,120668.438
903,603169.SH,20170411,13.19,13.34,12.94,13.32,13.16,0.16,1.22,138569.62,181850.775
904,603169.SH,20170410,13.76,13.83,13.06,13.16,13.83,-0.67,-4.84,188896.78,251514.981
905,603169.SH,20170407,14.0,14.0,13.75,13.83,14.01,-0.18,-1.28,111877.42,154747.133
906,603169.SH,20170406,13.96,14.11,13.81,14.01,13.9,0.11,0.79,134173.63,187271.735
907,603169.SH,20170405,13.61,13.97,13.6,13.9,13.74,0.16,1.16,126597.48,175038.667
908,603169.SH,20170331,14.2,14.27,13.61,13.74,14.13,-0.39,-2.76,156699.14,218782.593
909,603169.SH,20170330,14.8,14.94,13.92,14.13,15.1,-0.97,-6.42,264201.99,380865.16
910,603169.SH,20170329,14.76,15.35,14.5,15.1,14.94,0.16,1.07,327196.8,489023.807
911,603169.SH,20170328,14.89,15.15,14.7,14.94,14.82,0.12,0.81,226918.63,339020.001
912,603169.SH,20170327,15.2,15.36,14.66,14.82,15.88,-1.06,-6.68,393411.71,588011.019
913,603169.SH,20170324,16.37,16.48,15.51,15.88,15.97,-0.09,-0.56,741635.65,1191675.424
914,603169.SH,20170323,14.31,15.97,14.31,15.97,14.52,1.45,9.99,565916.61,876035.929
915,603169.SH,20170322,15.0,15.62,14.39,14.52,14.7,-0.18,-1.22,578639.3,869720.408
916,603169.SH,20170321,14.32,14.7,13.93,14.7,13.36,1.34,10.03,136931.16,196770.447
917,603169.SH,20161123,13.44,13.75,13.31,13.36,13.44,-0.08,-0.6,147367.25,199524.149
918,603169.SH,20161122,13.54,13.8,13.38,13.44,13.54,-0.1,-0.74,123725.42,167409.249
919,603169.SH,20161121,13.24,13.68,13.2,13.54,13.46,0.08,0.59,124712.12,167346.039
920,603169.SH,20161118,13.4,13.62,13.26,13.46,13.69,-0.23,-1.68,153730.76,206349.536
921,603169.SH,20161117,13.1,13.77,12.98,13.69,13.26,0.43,3.24,254919.45,344103.299
922,603169.SH,20161116,13.38,13.83,13.19,13.26,13.33,-0.07,-0.53,184636.55,248843.364
923,603169.SH,20161115,13.04,13.62,12.93,13.33,13.05,0.28,2.15,174236.16,231562.745
924,603169.SH,20161114,12.84,13.14,12.84,13.05,13.06,-0.01,-0.08,104610.72,135991.282
925,603169.SH,20161111,12.7,13.37,12.6,13.06,12.69,0.37,2.92,162347.75,212143.453
926,603169.SH,20161110,12.63,12.75,12.56,12.69,12.49,0.2,1.6,57662.17,72958.717
927,603169.SH,20161109,12.77,12.8,12.31,12.49,12.77,-0.28,-2.19,70978.14,89088.556
928,603169.SH,20161108,12.81,12.94,12.74,12.77,12.76,0.01,0.08,54658.88,69926.438
929,603169.SH,20161107,12.64,12.79,12.53,12.76,12.69,0.07,0.55,54196.9,68607.278
930,603169.SH,20161104,12.65,12.84,12.61,12.69,12.69,0.0,0.0,52534.98,66809.143
931,603169.SH,20161103,12.47,12.85,12.47,12.69,12.67,0.02,0.16,67004.2,84890.385
932,603169.SH,20161102,12.82,12.82,12.65,12.67,12.89,-0.22,-1.71,54570.44,69455.517
933,603169.SH,20161101,12.83,12.9,12.76,12.89,12.82,0.07,0.55,53820.97,69040.501
934,603169.SH,20161031,12.75,12.84,12.6,12.82,12.78,0.04,0.31,53404.13,67926.226
935,603169.SH,20161028,13.1,13.1,12.72,12.78,13.06,-0.28,-2.14,77831.36,100311.834
936,603169.SH,20161027,12.94,13.17,12.92,13.06,12.99,0.07,0.54,55243.88,72013.91
937,603169.SH,20161026,13.22,13.22,12.92,12.99,13.25,-0.26,-1.96,95713.55,124788.803
938,603169.SH,20161025,13.3,13.39,13.14,13.25,13.39,-0.14,-1.05,97840.17,129394.138
939,603169.SH,20161024,13.32,13.58,13.19,13.39,13.29,0.1,0.75,105257.3,141036.438
940,603169.SH,20161021,13.44,13.47,13.1,13.29,13.48,-0.19,-1.41,98233.86,130373.61
941,603169.SH,20161020,13.52,13.59,13.37,13.48,13.62,-0.14,-1.03,102370.84,137756.468
942,603169.SH,20161019,13.39,13.8,13.26,13.62,13.38,0.24,1.79,171957.42,232949.27
943,603169.SH,20161018,13.09,13.49,13.09,13.38,13.25,0.13,0.98,108183.41,143777.02
944,603169.SH,20161017,13.45,13.84,13.11,13.25,13.59,-0.34,-2.5,127462.44,172058.214
945,603169.SH,20161014,13.76,13.8,13.41,13.59,13.86,-0.27,-1.95,124175.68,168578.776
946,603169.SH,20161013,13.53,14.09,13.48,13.86,13.66,0.2,1.46,211288.4,291563.226
947,603169.SH,20161012,13.42,14.13,13.35,13.66,13.67,-0.01,-0.07,232939.99,319533.317
948,603169.SH,20161011,13.05,13.76,12.91,13.67,13.13,0.54,4.11,250808.08,335978.468
949,603169.SH,20161010,13.09,13.15,12.65,13.13,13.21,-0.08,-0.61,158688.43,204904.148
950,603169.SH,20160930,13.15,13.44,13.06,13.21,13.1,0.11,0.84,116177.11,153716.855
951,603169.SH,20160929,13.11,13.3,13.02,13.1,13.11,-0.01,-0.08,102200.63,134256.341
952,603169.SH,20160928,13.38,13.38,12.96,13.11,13.34,-0.23,-1.72,101619.7,133104.912
953,603169.SH,20160927,12.86,13.36,12.79,13.34,12.97,0.37,2.85,170917.56,223913.61
954,603169.SH,20160926,13.34,13.5,12.89,12.97,13.66,-0.69,-5.05,202322.02,268394.42
955,603169.SH,20160923,13.95,14.49,13.58,13.66,13.37,0.29,2.17,434959.53,609105.358
956,603169.SH,20160922,13.39,13.47,13.23,13.37,13.35,0.02,0.15,182723.29,243905.943
957,603169.SH,20160921,13.5,13.55,13.25,13.35,13.62,-0.27,-1.98,220254.32,294100.405
958,603169.SH,20160920,14.62,14.62,13.41,13.62,13.82,-0.2,-1.45,519551.65,723844.264
959,603169.SH,20160919,13.28,13.82,13.25,13.82,12.56,1.26,10.03,171752.35,234731.337
960,603169.SH,20160914,12.78,12.78,12.43,12.56,12.91,-0.35,-2.71,101852.21,128329.674
961,603169.SH,20160913,12.68,12.94,12.61,12.91,12.59,0.32,2.54,147738.85,188955.56
962,603169.SH,20160912,12.85,12.85,12.51,12.59,13.13,-0.54,-4.11,167417.74,212144.488
963,603169.SH,20160909,13.15,13.2,12.93,13.13,13.38,-0.25,-1.87,211228.53,275319.649
964,603169.SH,20160908,13.17,13.79,13.0,13.38,13.16,0.22,1.67,524529.54,701899.514
965,603169.SH,20160907,12.2,13.16,12.2,13.16,11.96,1.2,10.03,306857.56,401026.867
966,603169.SH,20160906,11.8,11.99,11.7,11.96,11.83,0.13,1.1,27737.92,32875.441
967,603169.SH,20160905,11.92,11.97,11.81,11.83,11.79,0.04,0.34,15601.72,18471.358
968,603169.SH,20160902,11.8,11.86,11.75,11.79,11.82,-0.03,-0.25,23082.08,27231.13
969,603169.SH,20160901,12.0,12.05,11.81,11.82,12.05,-0.23,-1.91,33497.0,39925.01
970,603169.SH,20160831,11.94,12.07,11.88,12.05,11.95,0.1,0.84,31119.1,37261.789
971,603169.SH,20160830,12.0,12.06,11.93,11.95,12.04,-0.09,-0.75,25103.94,30065.45
972,603169.SH,20160829,12.25,12.25,12.0,12.04,11.93,0.11,0.92,32833.33,39723.399
973,603169.SH,20160826,11.95,11.99,11.85,11.93,11.9,0.03,0.25,24771.64,29535.853
974,603169.SH,20160825,11.95,11.95,11.81,11.9,12.0,-0.1,-0.83,29544.88,35037.867
975,603169.SH,20160824,12.06,12.1,11.97,12.0,12.05,-0.05,-0.41,28950.37,34752.47
976,603169.SH,20160823,12.01,12.12,11.99,12.05,12.01,0.04,0.33,23266.13,28020.858
977,603169.SH,20160822,12.19,12.2,12.01,12.01,12.15,-0.14,-1.15,26886.83,32526.997
978,603169.SH,20160819,12.2,12.22,12.09,12.15,12.23,-0.08,-0.65,33576.62,40766.816
979,603169.SH,20160818,12.2,12.29,12.18,12.23,12.29,-0.06,-0.49,35768.75,43690.752
980,603169.SH,20160817,12.25,12.38,12.14,12.29,12.37,-0.08,-0.65,51759.93,63337.015
981,603169.SH,20160816,12.5,12.8,12.31,12.37,12.05,0.32,2.66,112921.59,141355.298
982,603169.SH,20160815,11.82,12.08,11.81,12.05,11.82,0.23,1.95,51350.41,61461.873
983,603169.SH,20160812,11.74,11.84,11.7,11.82,11.73,0.09,0.77,26025.49,30605.211
984,603169.SH,20160811,11.92,11.92,11.7,11.73,11.94,-0.21,-1.76,29159.72,34391.272
985,603169.SH,20160810,11.96,12.05,11.9,11.94,11.96,-0.02,-0.17,22147.8,26446.68
986,603169.SH,20160809,11.89,11.98,11.82,11.96,11.9,0.06,0.5,26587.32,31696.322
987,603169.SH,20160808,11.88,11.91,11.71,11.9,11.79,0.11,0.93,19734.5,23331.429
988,603169.SH,20160805,11.93,11.93,11.73,11.79,11.93,-0.14,-1.17,18255.51,21590.521
989,603169.SH,20160804,11.85,11.94,11.81,11.93,11.84,0.09,0.76,25489.31,30223.735
990,603169.SH,20160803,11.87,11.91,11.78,11.84,11.91,-0.07,-0.59,24312.38,28769.783
991,603169.SH,20160802,11.77,11.92,11.77,11.91,11.77,0.14,1.19,17716.63,20986.549
992,603169.SH,20160801,11.88,11.97,11.69,11.77,11.94,-0.17,-1.42,23462.71,27574.398
993,603169.SH,20160729,11.98,11.98,11.82,11.94,11.87,0.07,0.59,21330.07,25391.805
994,603169.SH,20160728,11.88,11.99,11.73,11.87,11.9,-0.03,-0.25,38964.73,46278.956
995,603169.SH,20160727,12.54,12.58,11.8,11.9,12.56,-0.66,-5.25,70773.75,85707.041
996,603169.SH,20160726,12.53,12.57,12.46,12.56,12.52,0.04,0.32,36454.0,45633.868
997,603169.SH,20160725,12.32,12.55,12.3,12.52,12.41,0.11,0.89,34916.92,43332.582
998,603169.SH,20160722,12.54,12.55,12.38,12.41,12.54,-0.13,-1.04,43587.05,54288.106
999,603169.SH,20160721,12.54,12.62,12.49,12.54,12.52,0.02,0.16,40426.82,50748.702
1000,603169.SH,20160720,12.64,12.65,12.5,12.52,12.64,-0.12,-0.95,37864.97,47539.082
1001,603169.SH,20160719,12.58,12.66,12.45,12.64,12.56,0.08,0.64,39506.6,49605.622
1002,603169.SH,20160718,12.7,12.71,12.55,12.56,12.77,-0.21,-1.64,52837.2,66615.646
1003,603169.SH,20160715,12.8,13.06,12.73,12.77,12.73,0.04,0.31,87500.58,112716.9
1004,603169.SH,20160714,12.81,12.81,12.66,12.73,12.83,-0.1,-0.78,57526.13,73085.133
1005,603169.SH,20160713,12.7,12.95,12.64,12.83,12.8,0.03,0.23,106484.47,136127.524
1006,603169.SH,20160712,12.65,12.85,12.43,12.8,12.67,0.13,1.03,80814.16,102238.398
1007,603169.SH,20160711,12.76,12.93,12.63,12.67,12.71,-0.04,-0.31,73871.44,94543.607
1008,603169.SH,20160708,12.7,12.86,12.64,12.71,12.68,0.03,0.24,72097.64,92155.886
1009,603169.SH,20160707,12.74,12.87,12.54,12.68,12.76,-0.08,-0.63,72915.75,92482.387
1010,603169.SH,20160706,12.82,12.87,12.63,12.76,12.95,-0.19,-1.47,93480.91,118935.196
1011,603169.SH,20160705,12.65,13.27,12.56,12.95,12.65,0.3,2.37,188242.49,244733.359
1012,603169.SH,20160704,12.32,12.74,12.26,12.65,12.39,0.26,2.1,95341.32,119660.047
1013,603169.SH,20160701,12.46,12.51,12.28,12.39,12.46,-0.07,-0.56,49192.3,61104.794
1014,603169.SH,20160630,12.48,12.58,12.22,12.46,12.48,-0.02,-0.16,79603.04,98392.955
1015,603169.SH,20160629,12.51,12.64,12.41,12.48,12.5,-0.02,-0.16,86711.61,108470.436
1016,603169.SH,20160628,12.24,12.6,12.15,12.5,12.34,0.16,1.3,100005.04,123675.758
1017,603169.SH,20160627,11.9,12.35,11.88,12.34,12.09,0.25,2.07,68805.44,83998.944
1018,603169.SH,20160624,12.45,12.55,11.77,12.09,12.48,-0.39,-3.13,86360.88,105064.553
1019,603169.SH,20160623,12.63,12.63,12.31,12.48,12.63,-0.15,-1.19,62119.27,77262.632
1020,603169.SH,20160622,12.45,12.65,12.3,12.63,12.43,0.2,1.61,66935.45,83555.596
1021,603169.SH,20160621,12.83,13.01,12.29,12.43,12.77,-0.34,-2.66,101868.65,128080.303
1022,603169.SH,20160620,12.8,13.05,12.75,12.92,12.92,0.0,0.0,91107.03,117389.265
1023,603169.SH,20160617,13.4,13.4,12.87,12.92,13.22,-0.3,-2.27,228123.98,297951.7
1024,603169.SH,20160616,12.09,13.22,12.01,13.22,12.02,1.2,9.98,230907.12,298845.165
1025,603169.SH,20160615,11.66,12.08,11.66,12.02,11.8,0.22,1.86,64777.52,77484.679
1026,603169.SH,20160614,11.72,12.03,11.72,11.8,11.89,-0.09,-0.76,44972.33,53274.967
1027,603169.SH,20160613,12.42,12.68,11.88,11.89,12.78,-0.89,-6.96,60231.31,74665.215
1028,603169.SH,20160608,12.63,12.94,12.42,12.78,12.74,0.04,0.31,75636.68,96301.469
1029,603169.SH,20160607,12.54,12.78,12.46,12.74,12.54,0.2,1.59,49363.22,62281.951
1030,603169.SH,20160606,12.58,12.65,12.39,12.54,12.58,-0.04,-0.32,40770.04,50906.292
1031,603169.SH,20160603,12.69,12.87,12.57,12.58,12.56,0.02,0.16,68424.19,87060.615
1032,603169.SH,20160602,12.51,12.57,12.36,12.56,12.44,0.12,0.96,52923.03,66136.09
1033,603169.SH,20160601,12.44,12.59,12.4,12.44,12.44,0.0,0.0,49771.43,62095.808
1034,603169.SH,20160531,11.97,12.46,11.95,12.44,11.97,0.47,3.93,59372.22,73080.184
1035,603169.SH,20160530,12.12,12.15,11.78,11.97,12.19,-0.22,-1.8,27778.94,33239.934
1036,603169.SH,20160527,12.2,12.35,12.08,12.19,12.25,-0.06,-0.49,29423.94,36003.202
1037,603169.SH,20160526,12.3,12.31,11.96,12.25,12.36,-0.11,-0.89,32491.77,39379.411
1038,603169.SH,20160525,12.27,12.54,12.01,12.36,12.37,-0.01,-0.08,49460.36,60909.416
1039,603169.SH,20160524,12.15,12.6,11.9,12.37,12.17,0.2,1.64,63961.77,78972.545
1040,603169.SH,20160523,12.02,12.2,12.02,12.17,12.02,0.15,1.25,27348.03,33167.716
1041,603169.SH,20160520,11.85,12.05,11.7,12.02,11.9,0.12,1.01,22126.5,26298.793
1042,603169.SH,20160519,11.93,12.1,11.85,11.9,11.93,-0.03,-0.25,28333.45,33947.378
1043,603169.SH,20160518,12.22,12.22,11.81,11.93,12.22,-0.29,-2.37,27511.93,32827.604
1044,603169.SH,20160517,12.36,12.4,12.13,12.22,12.31,-0.09,-0.73,26079.97,31962.611
1045,603169.SH,20160516,12.12,12.4,11.81,12.31,12.06,0.25,2.07,30417.15,37011.337
1046,603169.SH,20160513,12.09,12.22,11.98,12.06,12.09,-0.03,-0.25,21060.37,25500.366
1047,603169.SH,20160512,12.15,12.15,11.8,12.09,12.15,-0.06,-0.49,24246.93,28980.642
1048,603169.SH,20160511,12.35,12.4,12.02,12.15,12.28,-0.13,-1.06,21703.04,26475.184
1049,603169.SH,20160510,12.2,12.4,12.16,12.28,12.2,0.08,0.66,24105.21,29559.375
1050,603169.SH,20160509,12.6,12.6,12.08,12.2,12.6,-0.4,-3.17,40547.88,49999.102
1051,603169.SH,20160506,13.47,13.48,12.45,12.6,13.39,-0.79,-5.9,60785.12,79120.789
1052,603169.SH,20160505,13.4,13.4,13.21,13.39,13.4,-0.01,-0.07,29570.97,39400.12
1053,603169.SH,20160504,13.38,13.54,13.29,13.4,13.34,0.06,0.45,40604.08,54431.517
1054,603169.SH,20160503,13.02,13.36,12.92,13.34,13.02,0.32,2.46,36795.5,48737.211
1055,603169.SH,20160429,12.99,13.1,12.91,13.02,13.04,-0.02,-0.15,19486.65,25387.041
1056,603169.SH,20160428,13.28,13.3,12.82,13.04,13.31,-0.27,-2.03,34407.89,44865.553
1057,603169.SH,20160427,13.12,13.57,13.06,13.31,13.12,0.19,1.45,49575.66,65993.667
1058,603169.SH,20160426,13.01,13.13,12.9,13.12,12.99,0.13,1.0,26735.96,34830.452
1059,603169.SH,20160425,13.18,13.18,12.72,12.99,13.2,-0.21,-1.59,33790.16,43777.487
1060,603169.SH,20160422,12.98,13.3,12.89,13.2,12.97,0.23,1.77,34045.24,44586.147
1061,603169.SH,20160421,13.2,13.29,12.93,12.97,13.18,-0.21,-1.59,48101.38,63170.022
1062,603169.SH,20160420,14.31,14.37,13.01,13.18,14.28,-1.1,-7.7,96994.79,131543.208
1063,603169.SH,20160419,14.24,14.4,14.13,14.28,14.24,0.04,0.28,44541.32,63349.318
1064,603169.SH,20160418,14.67,14.67,14.2,14.24,14.79,-0.55,-3.72,70183.41,100767.865
1065,603169.SH,20160415,14.85,14.95,14.66,14.79,14.75,0.04,0.27,70544.98,104289.853
1066,603169.SH,20160414,14.74,14.78,14.53,14.75,14.66,0.09,0.61,72146.94,105826.248
1067,603169.SH,20160413,14.4,14.94,14.4,14.66,14.34,0.32,2.23,116482.17,171164.534
1068,603169.SH,20160412,14.45,14.46,14.16,14.34,14.53,-0.19,-1.31,63134.02,90349.388
1069,603169.SH,20160411,14.43,14.78,14.43,14.53,14.29,0.24,1.68,68477.26,100162.328
1070,603169.SH,20160408,14.46,14.52,14.12,14.29,14.46,-0.17,-1.18,70271.98,100372.954
1071,603169.SH,20160407,15.0,15.15,14.43,14.46,15.0,-0.54,-3.6,109590.71,160691.879
1072,603169.SH,20160406,14.86,15.2,14.71,15.0,14.9,0.1,0.67,128185.12,191434.067
1073,603169.SH,20160405,14.6,15.0,14.45,14.9,14.69,0.21,1.43,112750.18,166886.646
1074,603169.SH,20160401,14.85,15.05,14.3,14.69,15.0,-0.31,-2.07,130536.19,190320.767
1075,603169.SH,20160331,15.26,15.57,14.8,15.0,15.44,-0.44,-2.85,216335.24,327638.825
1076,603169.SH,20160330,14.6,15.49,14.5,15.44,14.48,0.96,6.63,195302.52,291483.301
1077,603169.SH,20160329,15.15,15.15,14.14,14.48,15.15,-0.67,-4.42,190297.89,276074.978
1078,603169.SH,20160328,15.3,15.79,15.08,15.15,15.35,-0.2,-1.3,267304.38,411665.142
1079,603169.SH,20160325,14.95,15.7,14.51,15.35,15.26,0.09,0.59,377536.52,566553.877
1080,603169.SH,20160324,13.97,15.26,13.87,15.26,13.87,1.39,10.02,417504.56,629344.417
1081,603169.SH,20160323,13.62,13.96,13.56,13.87,13.79,0.08,0.58,80587.37,111167.406
1082,603169.SH,20160322,13.71,14.21,13.51,13.79,13.71,0.08,0.58,122299.74,170297.17
1083,603169.SH,20160321,13.52,13.79,13.48,13.71,13.48,0.23,1.71,122147.3,166654.135
1084,603169.SH,20160318,12.88,13.89,12.73,13.48,12.88,0.6,4.66,129330.04,172367.612
1085,603169.SH,20160317,12.49,13.12,12.36,12.88,12.38,0.5,4.04,83435.78,106310.119
1086,603169.SH,20160316,12.53,12.7,12.34,12.38,12.54,-0.16,-1.28,32390.86,40404.72
1087,603169.SH,20160315,12.72,12.83,12.47,12.54,12.73,-0.19,-1.49,44880.86,56408.013
1088,603169.SH,20160314,12.59,12.87,12.48,12.73,12.33,0.4,3.24,61696.63,78560.849
1089,603169.SH,20160311,12.0,12.5,11.95,12.33,12.27,0.06,0.49,32497.32,39892.5
1090,603169.SH,20160310,12.41,12.55,12.25,12.27,12.4,-0.13,-1.05,33113.07,40994.494
1091,603169.SH,20160309,12.49,12.58,12.1,12.4,12.72,-0.32,-2.52,30310.57,37608.237
1092,603169.SH,20160308,12.66,12.72,12.15,12.72,12.63,0.09,0.71,48698.85,60727.974
1093,603169.SH,20160307,12.15,12.7,12.15,12.63,12.32,0.31,2.52,46329.12,58226.437
1094,603169.SH,20160304,13.05,13.13,12.27,12.32,13.04,-0.72,-5.52,65116.13,82582.096
1095,603169.SH,20160303,12.98,13.38,12.82,13.04,13.24,-0.2,-1.51,87337.24,114493.461
1096,603169.SH,20160302,12.32,13.49,12.32,13.24,12.5,0.74,5.92,78736.98,101437.797
1097,603169.SH,20160301,12.24,12.57,12.07,12.5,12.13,0.37,3.05,48203.01,59653.285
1098,603169.SH,20160229,13.08,13.08,11.87,12.13,13.0,-0.87,-6.69,52204.05,63568.768
1099,603169.SH,20160226,13.12,13.48,12.5,13.0,13.09,-0.09,-0.69,54587.6,71167.375
1100,603169.SH,20160225,14.5,14.5,13.09,13.09,14.54,-1.45,-9.97,89860.72,123575.67
1101,603169.SH,20160224,14.41,14.78,14.22,14.54,14.27,0.27,1.89,88579.0,128639.169
1102,603169.SH,20160223,14.4,14.4,14.05,14.27,14.4,-0.13,-0.9,59623.06,84773.112
1103,603169.SH,20160222,14.38,14.58,14.26,14.4,14.22,0.18,1.27,81675.29,117595.125
1104,603169.SH,20160219,14.03,14.42,13.94,14.22,14.38,-0.16,-1.11,97912.09,138614.762
1105,603169.SH,20160218,14.85,15.26,14.29,14.38,14.28,0.1,0.7,227265.96,335836.507
1106,603169.SH,20160217,13.0,14.28,12.83,14.28,12.98,1.3,10.02,102106.26,142759.428
1107,603169.SH,20160216,12.55,13.12,12.55,12.98,12.44,0.54,4.34,68728.13,88432.743
1108,603169.SH,20160215,12.19,12.58,12.02,12.44,12.69,-0.25,-1.97,35627.15,43921.665
1109,603169.SH,20160205,12.68,12.83,12.55,12.69,12.66,0.03,0.24,37662.97,47737.404
1110,603169.SH,20160204,12.53,12.89,12.53,12.66,12.51,0.15,1.2,51043.76,64933.617
1111,603169.SH,20160203,12.25,12.57,12.2,12.51,12.73,-0.22,-1.73,53163.27,65803.166
1112,603169.SH,20160202,11.81,12.98,11.75,12.73,11.8,0.93,7.88,74296.82,93244.682
1113,603169.SH,20160201,12.05,12.06,11.58,11.8,12.02,-0.22,-1.83,30670.64,36356.525
1114,603169.SH,20160129,11.59,12.13,11.52,12.02,11.52,0.5,4.34,48367.13,57624.588
1115,603169.SH,20160128,12.29,12.39,11.48,11.52,12.48,-0.96,-7.69,47014.52,56391.55
1116,603169.SH,20160127,12.9,13.2,11.53,12.48,12.75,-0.27,-2.12,61247.87,74718.002
1117,603169.SH,20160126,13.78,14.05,12.75,12.75,14.17,-1.42,-10.02,68313.0,91347.309
1118,603169.SH,20160125,14.23,14.45,14.02,14.17,14.12,0.05,0.35,31172.71,44359.041
1119,603169.SH,20160122,14.1,14.34,13.75,14.12,13.94,0.18,1.29,38100.19,53582.547
1120,603169.SH,20160121,14.4,14.79,13.91,13.94,14.79,-0.85,-5.75,66297.98,95120.557
1121,603169.SH,20160120,14.56,15.25,14.39,14.79,14.65,0.14,0.96,90412.2,134433.443
1122,603169.SH,20160119,14.25,14.85,13.98,14.65,14.23,0.42,2.95,74179.23,107192.918
1123,603169.SH,20160118,13.75,14.53,13.75,14.23,14.28,-0.05,-0.35,52988.41,75434.779
1124,603169.SH,20160115,15.03,15.1,14.1,14.28,15.21,-0.93,-6.11,56813.0,83326.746
1125,603169.SH,20160114,14.0,15.3,14.0,15.21,14.9,0.31,2.08,70735.55,104017.893
1126,603169.SH,20160113,15.5,15.75,14.86,14.9,15.68,-0.78,-4.97,60694.23,93130.502
1127,603169.SH,20160112,15.18,16.14,14.78,15.68,15.18,0.5,3.29,82205.95,126641.626
1128,603169.SH,20160111,15.8,15.8,14.75,15.18,15.15,0.03,0.2,86974.44,133342.957
1129,603169.SH,20160108,15.34,15.99,13.88,15.15,14.73,0.42,2.85,71673.63,108664.442
1130,603169.SH,20160107,16.27,16.27,14.65,14.73,16.26,-1.53,-9.41,19832.75,30894.263
1131,603169.SH,20160106,15.96,16.38,15.96,16.26,15.88,0.38,2.39,58766.4,95292.585
1132,603169.SH,20160105,15.54,16.4,15.2,15.88,16.43,-0.55,-3.35,81354.77,129056.129
1133,603169.SH,20160104,18.25,18.35,16.43,16.43,18.25,-1.82,-9.97,56476.03,97482.534
1134,603169.SH,20151231,18.13,18.49,18.13,18.25,18.23,0.02,0.11,57228.82,104897.123
1135,603169.SH,20151230,18.17,18.3,18.0,18.23,18.22,0.01,0.05,48932.68,88922.406
1136,603169.SH,20151229,18.04,18.26,17.88,18.22,18.14,0.08,0.44,56960.94,102819.275
1137,603169.SH,20151228,18.71,18.83,18.11,18.14,18.65,-0.51,-2.73,69989.02,129474.234
1138,603169.SH,20151225,18.63,18.79,18.53,18.65,18.73,-0.08,-0.43,49696.88,92697.282
1139,603169.SH,20151224,18.5,18.84,18.4,18.73,18.53,0.2,1.08,58171.8,108312.213
1140,603169.SH,20151223,19.0,19.07,18.5,18.53,19.0,-0.47,-2.47,81474.36,152568.86
1141,603169.SH,20151222,19.07,19.19,18.7,19.0,19.12,-0.12,-0.63,91600.37,173022.842
1142,603169.SH,20151221,18.98,19.35,18.98,19.12,18.69,0.43,2.3,115708.21,221606.522
1143,603169.SH,20151218,18.81,19.14,18.52,18.69,18.96,-0.27,-1.42,100025.15,187867.027
1144,603169.SH,20151217,19.13,19.42,18.85,18.96,18.49,0.47,2.54,157009.83,299890.158
1145,603169.SH,20151216,18.4,18.88,18.36,18.49,18.13,0.36,1.99,112458.23,209229.285
1146,603169.SH,20151215,18.38,18.52,18.02,18.13,18.28,-0.15,-0.82,86632.75,157543.839
1147,603169.SH,20151214,17.7,18.28,17.3,18.28,18.03,0.25,1.39,96528.53,171987.275
1148,603169.SH,20151211,18.35,18.69,17.98,18.03,18.4,-0.37,-2.01,95018.27,173276.199
1149,603169.SH,20151210,19.27,19.27,18.34,18.4,19.27,-0.87,-4.51,127235.29,238396.45
1150,603169.SH,20151209,19.9,19.9,18.66,19.27,19.99,-0.72,-3.6,242786.32,464883.52
1151,603169.SH,20151208,18.13,19.99,18.01,19.99,18.17,1.82,10.02,343103.93,678082.866
1152,603169.SH,20151207,17.92,18.67,17.92,18.17,17.87,0.3,1.68,88967.95,162940.267
1153,603169.SH,20151204,18.4,18.4,17.79,17.87,18.29,-0.42,-2.3,78000.78,141289.263
1154,603169.SH,20151203,18.0,18.49,18.0,18.29,17.77,0.52,2.93,84613.93,154850.269
1155,603169.SH,20151202,17.94,18.05,17.29,17.77,17.94,-0.17,-0.95,53883.31,95337.237
1156,603169.SH,20151201,18.0,18.05,17.45,17.94,18.05,-0.11,-0.61,70600.02,125774.852
1157,603169.SH,20151130,18.18,18.45,16.8,18.05,18.14,-0.09,-0.5,86586.4,154822.185
1158,603169.SH,20151127,20.1,20.2,18.04,18.14,20.04,-1.9,-9.48,128235.66,244471.197
1159,603169.SH,20151126,20.4,20.5,20.01,20.04,20.44,-0.4,-1.96,103627.63,209302.079
1160,603169.SH,20151125,19.93,20.5,19.8,20.44,19.94,0.5,2.51,134872.68,273243.434
1161,603169.SH,20151124,19.7,19.97,19.4,19.94,19.74,0.2,1.01,69039.43,135691.3
1162,603169.SH,20151123,20.05,20.24,19.7,19.74,20.03,-0.29,-1.45,88669.45,176441.755
1163,603169.SH,20151120,19.88,20.36,19.88,20.03,19.83,0.2,1.01,101845.53,204978.066
1164,603169.SH,20151119,19.27,19.88,19.27,19.83,19.59,0.24,1.23,75115.1,147481.488
1165,603169.SH,20151118,20.15,20.4,19.5,19.59,19.91,-0.32,-1.61,85614.05,171015.611
1166,603169.SH,20151117,20.8,20.8,19.86,19.91,20.28,-0.37,-1.82,125485.34,255517.863
1167,603169.SH,20151116,19.45,20.35,19.35,20.28,20.25,0.03,0.15,124729.04,247113.247
1168,603169.SH,20151113,21.0,21.16,20.0,20.25,21.45,-1.2,-5.59,181345.52,373800.062
1169,603169.SH,20151112,21.15,21.97,20.4,21.45,21.21,0.24,1.13,292893.38,616218.022
1170,603169.SH,20151111,20.12,21.27,20.12,21.21,20.31,0.9,4.43,237103.06,493716.397
1171,603169.SH,20151110,20.4,20.72,20.01,20.31,20.54,-0.23,-1.12,160543.66,327769.291
1172,603169.SH,20151109,20.4,20.9,20.1,20.54,20.81,-0.27,-1.3,185606.16,380444.805
1173,603169.SH,20151106,20.4,21.13,20.16,20.81,20.39,0.42,2.06,223396.03,462260.169
1174,603169.SH,20151105,20.23,21.02,19.88,20.39,20.23,0.16,0.79,232378.82,474733.899
1175,603169.SH,20151104,19.15,20.36,19.06,20.23,18.9,1.33,7.04,175772.54,348333.696
1176,603169.SH,20151103,18.94,19.29,18.65,18.9,18.82,0.08,0.43,81319.83,154027.519
1177,603169.SH,20151102,19.21,19.84,18.76,18.82,19.59,-0.77,-3.93,95549.36,183804.259
1178,603169.SH,20151030,19.66,20.01,19.25,19.59,19.93,-0.34,-1.71,113943.87,223663.748
1179,603169.SH,20151029,19.72,20.25,19.59,19.93,19.8,0.13,0.66,115859.08,231643.347
1180,603169.SH,20151028,20.12,20.49,19.75,19.8,20.13,-0.33,-1.64,141948.67,286317.628
1181,603169.SH,20151027,20.3,20.39,19.12,20.13,20.7,-0.57,-2.75,170308.06,339333.653
1182,603169.SH,20151026,20.9,21.0,20.0,20.7,20.29,0.41,2.02,196984.35,403281.104
1183,603169.SH,20151023,20.1,20.58,19.62,20.29,20.22,0.07,0.35,224509.95,450728.419
1184,603169.SH,20151022,19.1,20.49,19.1,20.22,19.57,0.65,3.32,243237.39,483990.315
1185,603169.SH,20151021,21.74,21.9,19.57,19.57,21.74,-2.17,-9.98,312737.82,645031.201
1186,603169.SH,20151020,21.63,22.0,21.3,21.74,22.19,-0.45,-2.03,287880.45,622124.936
1187,603169.SH,20151019,21.3,22.51,21.09,22.19,21.45,0.74,3.45,488442.83,1062143.096
1188,603169.SH,20151016,22.0,22.0,21.0,21.45,20.0,1.45,7.25,596133.2,1284110.792
1189,603169.SH,20151015,18.73,20.0,18.73,20.0,18.18,1.82,10.01,184136.5,362078.965
1190,603169.SH,20151014,18.3,18.97,17.81,18.18,18.68,-0.5,-2.68,277398.26,509812.029
1191,603169.SH,20151013,17.28,19.19,17.1,18.68,17.84,0.84,4.71,347201.87,629946.282
1192,603169.SH,20151012,17.18,18.28,17.16,17.84,17.16,0.68,3.96,402534.93,706975.804
1193,603169.SH,20151009,16.58,17.45,16.51,17.16,16.87,0.29,1.72,137612.59,234858.139
1194,603169.SH,20151008,17.0,17.55,16.39,16.87,16.21,0.66,4.07,141725.9,240802.516
1195,603169.SH,20150930,15.8,16.48,15.77,16.21,15.7,0.51,3.25,74648.48,120223.237
1196,603169.SH,20150929,15.9,16.1,15.6,15.7,16.23,-0.53,-3.27,55525.74,87858.041
1197,603169.SH,20150928,15.7,16.27,15.69,16.23,15.76,0.47,2.98,59816.76,96356.591
1198,603169.SH,20150925,16.78,16.95,15.56,15.76,17.08,-1.32,-7.73,106287.4,172918.055
1199,603169.SH,20150924,16.3,17.16,16.09,17.08,16.34,0.74,4.53,136261.0,224935.203
1200,603169.SH,20150923,15.78,16.96,15.5,16.34,16.2,0.14,0.86,146853.6,241056.351
1201,603169.SH,20150922,16.5,16.8,15.88,16.2,16.06,0.14,0.87,178829.78,293006.392
1202,603169.SH,20150921,14.21,16.06,14.21,16.06,14.6,1.46,10.0,133094.13,205913.369
1203,603169.SH,20150918,14.56,14.83,14.24,14.6,14.49,0.11,0.76,70025.75,101837.759
1204,603169.SH,20150917,14.78,15.56,14.44,14.49,14.96,-0.47,-3.14,118103.16,177495.842
1205,603169.SH,20150916,13.61,14.96,13.61,14.96,13.6,1.36,10.0,96856.35,139519.763
1206,603169.SH,20150915,14.28,14.99,13.6,13.6,15.11,-1.51,-9.99,76786.45,108287.399
1207,603169.SH,20150914,16.95,17.08,15.11,15.11,16.79,-1.68,-10.01,95116.97,151277.738
1208,603169.SH,20150911,16.77,17.25,16.21,16.79,17.17,-0.38,-2.21,112260.0,188773.488
1209,603169.SH,20150910,16.63,18.25,16.39,17.17,17.04,0.13,0.76,168911.22,292591.752
1210,603169.SH,20150909,16.13,17.5,15.86,17.04,16.12,0.92,5.71,144164.89,242515.136
1211,603169.SH,20150908,14.77,16.4,14.71,16.12,15.09,1.03,6.83,82173.52,127397.656
1212,603169.SH,20150907,14.91,15.87,14.71,15.09,14.9,0.19,1.28,73660.12,113367.36
1213,603169.SH,20150902,13.29,14.96,13.0,14.9,14.29,0.61,4.27,116956.11,167898.565
1214,603169.SH,20150901,15.9,15.9,14.29,14.29,15.88,-1.59,-10.01,83464.71,122251.766
1215,603169.SH,20150831,16.71,16.72,15.85,15.88,16.7,-0.82,-4.91,102213.48,165373.371
1216,603169.SH,20150828,15.4,16.71,15.22,16.7,15.19,1.51,9.94,131691.65,209203.243
1217,603169.SH,20150827,14.78,15.47,14.0,15.19,14.37,0.82,5.71,88645.83,131540.818
1218,603169.SH,20150826,15.2,15.86,13.57,14.37,14.86,-0.49,-3.3,127183.9,189844.251
1219,603169.SH,20150825,14.86,15.87,14.86,14.86,16.51,-1.65,-9.99,76187.46,114639.483
1220,603169.SH,20150824,17.68,17.68,16.51,16.51,18.34,-1.83,-9.98,74349.56,124437.955
1221,603169.SH,20150821,18.0,19.0,17.78,18.34,18.55,-0.21,-1.13,99010.31,183826.954
1222,603169.SH,20150820,19.83,19.84,18.48,18.55,19.93,-1.38,-6.92,92121.03,176816.828
1223,603169.SH,20150819,18.51,20.19,17.6,19.93,19.5,0.43,2.21,143824.46,271263.256
1224,603169.SH,20150818,21.6,21.6,19.5,19.5,21.67,-2.17,-10.01,147436.68,302137.155
1225,603169.SH,20150817,20.83,21.69,20.65,21.67,21.3,0.37,1.74,153590.35,324798.81
1226,603169.SH,20150814,21.7,22.12,21.17,21.3,21.54,-0.24,-1.11,154710.27,334109.639
1227,603169.SH,20150813,21.07,21.67,20.58,21.54,21.13,0.41,1.94,152374.42,323468.643
1228,603169.SH,20150812,21.5,22.5,21.0,21.13,22.16,-1.03,-4.65,213812.84,464122.836
1229,603169.SH,20150811,21.63,23.39,21.61,22.16,22.28,-0.12,-0.54,340677.63,763837.713
1230,603169.SH,20150810,20.3,22.63,20.3,22.28,20.57,1.71,8.31,342368.81,735241.982
1231,603169.SH,20150807,20.9,21.25,19.96,20.57,19.97,0.6,3.0,349678.82,715992.418
1232,603169.SH,20150806,18.48,19.97,18.48,19.97,18.15,1.82,10.03,252335.32,491445.516
1233,603169.SH,20150805,18.5,18.99,17.89,18.15,17.97,0.18,1.0,154476.99,284704.04
1234,603169.SH,20150804,16.75,17.97,16.51,17.97,16.34,1.63,9.98,117974.53,204982.8
1235,603169.SH,20150803,17.53,18.02,16.34,16.34,18.15,-1.81,-9.97,104378.8,177635.386
1236,603169.SH,20150731,18.51,19.39,17.58,18.15,19.3,-1.15,-5.96,122586.58,228991.451
1237,603169.SH,20150730,19.01,20.26,18.6,19.3,18.49,0.81,4.38,198387.46,385792.344
1238,603169.SH,20150729,17.43,18.49,16.83,18.49,16.81,1.68,9.99,121506.74,213301.845
1239,603169.SH,20150728,17.39,18.56,16.08,16.81,17.86,-1.05,-5.88,146835.17,248776.939
1240,603169.SH,20150727,19.3,20.37,17.86,17.86,19.84,-1.98,-9.98,174535.21,335022.016
1241,603169.SH,20150724,20.1,20.95,19.5,19.84,20.34,-0.5,-2.46,240078.47,487300.875
1242,603169.SH,20150723,20.1,21.5,19.63,20.34,20.37,-0.03,-0.15,318509.19,653626.069
1243,603169.SH,20150722,19.05,20.37,19.0,20.37,18.52,1.85,9.99,350419.14,697453.827
1244,603169.SH,20150721,18.52,18.52,17.8,18.52,16.84,1.68,9.98,160056.77,295276.419
1245,603169.SH,20150720,16.4,17.09,16.03,16.84,16.38,0.46,2.81,142324.33,237018.1
1246,603169.SH,20150717,15.4,16.79,14.99,16.38,15.4,0.98,6.36,129988.24,206941.772
1247,603169.SH,20150716,15.27,16.18,13.74,15.4,15.27,0.13,0.85,114547.23,174245.437
1248,603169.SH,20150715,16.26,16.78,15.27,15.27,16.97,-1.7,-10.02,95460.97,150022.605
1249,603169.SH,20150714,17.29,18.28,16.2,16.97,16.73,0.24,1.43,238194.8,411296.83
1250,603169.SH,20150713,16.18,16.73,15.75,16.73,15.21,1.52,9.99,148006.94,243656.148
1251,603169.SH,20150710,14.3,15.21,14.11,15.21,13.83,1.38,9.98,138935.95,209221.107
1252,603169.SH,20150709,12.57,13.83,12.57,13.83,12.57,1.26,10.02,153617.8,206761.937
1253,603169.SH,20150708,11.8,13.0,11.8,12.57,13.11,-0.54,-4.12,230908.08,287596.316
1254,603169.SH,20150707,13.82,14.4,13.1,13.11,14.55,-1.44,-9.9,113311.48,151178.699
1255,603169.SH,20150706,15.59,15.59,12.96,14.55,14.18,0.37,2.61,171746.13,247058.626
1256,603169.SH,20150703,15.06,15.97,14.18,14.18,15.76,-1.58,-10.03,109279.7,159423.771
1257,603169.SH,20150702,17.53,17.8,15.76,15.76,17.51,-1.75,-9.99,123646.35,203275.451
1258,603169.SH,20150701,17.97,19.95,17.35,17.51,18.49,-0.98,-5.3,181898.62,338921.591
1259,603169.SH,20150630,16.97,18.5,16.0,18.49,17.78,0.71,3.99,175434.94,304126.914
1260,603169.SH,20150629,20.3,20.48,17.78,17.78,19.76,-1.98,-10.02,123233.63,226002.58
1261,603169.SH,20150626,21.28,21.28,19.76,19.76,21.95,-2.19,-9.98,97176.05,196897.585
1262,603169.SH,20150625,23.48,23.6,21.5,21.95,23.47,-1.52,-6.48,112671.99,257965.307
1263,603169.SH,20150624,22.98,23.94,22.98,23.47,22.69,0.78,3.44,141228.46,331204.729
1264,603169.SH,20150623,22.49,23.4,20.66,22.69,22.96,-0.27,-1.18,131327.52,288447.131
1265,603169.SH,20150619,24.7,24.7,22.96,22.96,25.51,-2.55,-10.0,110332.95,259653.754
1266,603169.SH,20150618,27.3,27.3,25.48,25.51,27.7,-2.19,-7.91,120223.1,316920.508
1267,603169.SH,20150617,27.0,27.79,24.68,27.7,27.25,0.45,1.65,188616.18,490746.077
1268,603169.SH,20150616,27.6,29.03,26.86,27.25,27.77,-0.52,-1.87,152971.67,431384.285
1269,603169.SH,20150615,29.53,29.53,27.6,27.77,29.54,-1.77,-5.99,186514.65,529808.469
1270,603169.SH,20150612,29.7,29.91,29.22,29.54,29.51,0.03,0.1,145117.48,428962.562
1271,603169.SH,20150611,29.35,29.94,29.0,29.51,29.98,-0.47,-1.57,160403.31,468905.005
1272,603169.SH,20150610,31.48,31.48,28.54,29.98,31.71,-1.73,-5.46,249008.3,750847.975
1273,603169.SH,20150609,28.96,31.71,28.96,31.71,28.83,2.88,9.99,312306.25,951828.167
1274,603169.SH,20150608,29.3,29.3,28.16,28.83,29.51,-0.68,-2.3,176326.88,506796.715
1275,603169.SH,20150605,30.0,30.5,29.2,29.51,29.78,-0.27,-0.91,212127.77,631094.732
1276,603169.SH,20150604,31.89,31.89,28.1,29.78,31.15,-1.37,-4.4,247618.01,743353.766
1277,603169.SH,20150603,29.98,31.33,29.3,31.15,30.08,1.07,3.56,300535.91,914705.956
1278,603169.SH,20150602,31.0,31.08,29.2,30.08,30.93,-0.85,-2.75,302307.8,905209.856
1279,603169.SH,20150601,30.07,31.71,29.3,30.93,30.07,0.86,2.86,314657.7,971841.185
1280,603169.SH,20150529,31.0,32.54,28.16,30.07,31.18,-1.11,-3.56,434864.17,1324205.186
1281,603169.SH,20150528,32.93,35.19,29.56,31.18,31.99,-0.81,-2.53,627168.01,2140230.449
1282,603169.SH,20150527,28.35,31.99,27.68,31.99,29.08,2.91,10.01,486718.02,1458669.308
1283,603169.SH,20150526,30.23,30.28,28.0,29.08,27.62,1.46,5.29,539746.7,1564175.937
1284,603169.SH,20150525,25.0,27.62,24.6,27.62,25.11,2.51,10.0,345706.19,919926.249
1285,603169.SH,20150522,25.02,25.5,24.17,25.11,24.93,0.18,0.72,377483.93,940085.406
1286,603169.SH,20150521,23.55,25.52,22.84,24.93,23.6,1.33,5.64,345495.3,827681.419
1287,603169.SH,20150520,23.3,24.7,23.3,23.6,23.12,0.48,2.08,274446.67,660217.417
1288,603169.SH,20150519,23.14,23.22,22.55,23.12,23.11,0.01,0.04,179622.71,410866.892
1289,603169.SH,20150518,22.96,23.59,22.53,23.11,22.95,0.16,0.7,163226.36,378280.808
1290,603169.SH,20150515,23.42,23.6,22.7,22.95,23.85,-0.9,-3.77,197231.84,454567.93
1291,603169.SH,20150514,23.7,24.5,23.15,23.85,24.02,-0.17,-0.71,245158.53,584270.018
1292,603169.SH,20150513,25.0,25.0,23.7,24.02,25.37,-1.35,-5.32,373444.52,904702.906
1293,603169.SH,20150512,23.8,26.0,23.61,25.37,24.36,1.01,4.15,484967.85,1225573.845
1294,603169.SH,20150511,23.0,24.62,22.4,24.36,23.91,0.45,1.88,432027.78,1021418.758
1295,603169.SH,20150508,26.97,27.31,23.0,23.91,24.83,-0.92,-3.71,697895.8,1744240.973
1296,603169.SH,20150507,23.0,24.83,22.58,24.83,22.57,2.26,10.01,167240.27,406436.356
1297,603169.SH,20150506,20.99,22.57,18.88,22.57,20.52,2.05,9.99,277953.31,611108.874
1298,603169.SH,20150420,29.96,32.98,28.5,32.98,29.98,3.0,10.01,411615.58,1293752.489
1299,603169.SH,20150417,31.0,31.78,29.5,29.98,28.89,1.09,3.77,463929.35,1437595.512
1300,603169.SH,20150416,26.9,28.89,26.4,28.89,26.26,2.63,10.02,233805.23,662197.68
1301,603169.SH,20150415,28.21,28.3,25.9,26.26,28.38,-2.12,-7.47,135556.95,367826.863
1302,603169.SH,20150414,27.0,28.59,26.65,28.38,27.17,1.21,4.45,199182.03,554557.123
1303,603169.SH,20150413,26.75,27.5,26.13,27.17,26.73,0.44,1.65,116421.96,313077.2
1304,603169.SH,20150410,26.47,26.95,26.11,26.73,26.44,0.29,1.1,80771.09,215075.29
1305,603169.SH,20150409,27.38,27.39,25.5,26.44,27.41,-0.97,-3.54,129450.24,340802.935
1306,603169.SH,20150408,28.59,28.59,27.21,27.41,28.64,-1.23,-4.29,185299.62,514182.651
1307,603169.SH,20150407,27.9,29.48,27.25,28.64,28.52,0.12,0.42,251375.83,711122.303
1308,603169.SH,20150403,26.84,29.06,26.62,28.52,27.2,1.32,4.85,277241.63,773072.158
1309,603169.SH,20150402,26.38,27.57,26.2,27.2,26.36,0.84,3.19,218225.86,591011.033
1310,603169.SH,20150401,26.0,26.5,25.92,26.36,26.17,0.19,0.73,97334.56,255607.72
1311,603169.SH,20150331,26.62,26.69,26.05,26.17,26.59,-0.42,-1.58,112099.84,294558.878
1312,603169.SH,20150330,26.5,27.37,26.3,26.59,26.26,0.33,1.26,137399.74,369089.437
1313,603169.SH,20150327,26.22,26.7,26.2,26.26,26.37,-0.11,-0.42,80228.03,211637.052
1314,603169.SH,20150326,27.1,27.2,26.12,26.37,27.42,-1.05,-3.83,144530.08,385520.753
1315,603169.SH,20150325,26.03,27.66,26.03,27.42,26.31,1.11,4.22,217179.79,580476.196
1316,603169.SH,20150324,26.5,27.0,25.68,26.31,26.72,-0.41,-1.53,202091.18,531996.991
1317,603169.SH,20150323,26.5,26.98,26.01,26.72,26.54,0.18,0.68,221892.41,588209.087
1318,603169.SH,20150320,28.15,28.4,26.5,26.54,26.99,-0.45,-1.67,371208.46,1012340.796
1319,603169.SH,20150319,24.3,26.99,24.05,26.99,24.54,2.45,9.98,343791.77,894142.855
1320,603169.SH,20150318,25.12,25.5,24.5,24.54,24.28,0.26,1.07,232503.32,578801.009
1321,603169.SH,20150317,24.02,24.43,23.75,24.28,23.85,0.43,1.8,145628.14,351442.301
1322,603169.SH,20150316,23.51,23.96,23.31,23.85,23.23,0.62,2.67,115402.47,273432.632
1323,603169.SH,20150313,23.03,23.5,22.85,23.23,23.03,0.2,0.87,63294.89,146603.417
1324,603169.SH,20150312,22.88,23.5,22.69,23.03,22.97,0.06,0.26,67558.1,155833.722
1325,603169.SH,20150311,23.34,23.65,22.91,22.97,23.43,-0.46,-1.96,70213.13,162664.471
1326,603169.SH,20150310,23.52,23.9,23.1,23.43,23.44,-0.01,-0.04,61197.33,143724.459
1327,603169.SH,20150309,23.2,23.6,22.45,23.44,23.27,0.17,0.73,58110.88,133878.179
1328,603169.SH,20150306,23.55,23.98,23.2,23.27,23.44,-0.17,-0.73,74652.74,175872.986
1329,603169.SH,20150305,24.1,24.1,23.3,23.44,24.34,-0.9,-3.7,124544.71,293731.329
1330,603169.SH,20150304,24.6,25.36,23.91,24.34,24.33,0.01,0.04,151000.59,369010.876
1331,603169.SH,20150303,23.8,25.64,23.28,24.33,23.89,0.44,1.84,259940.15,641343.847
1332,603169.SH,20150302,23.3,24.12,23.12,23.89,23.7,0.19,0.8,149347.03,352077.039
1333,603169.SH,20150227,23.1,24.45,22.8,23.7,23.24,0.46,1.98,162872.59,388334.924
1334,603169.SH,20150226,22.5,23.95,22.5,23.24,22.63,0.61,2.7,112476.27,263859.999
1335,603169.SH,20150225,23.05,23.05,22.44,22.63,23.07,-0.44,-1.91,56849.19,128968.312
1336,603169.SH,20150217,23.01,23.38,22.73,23.07,22.99,0.08,0.35,84673.76,195040.459
1337,603169.SH,20150216,22.85,23.37,22.64,22.99,23.39,-0.4,-1.71,115913.72,266176.577
1338,603169.SH,20150213,24.27,24.58,23.36,23.39,23.5,-0.11,-0.47,234545.12,562435.366
1339,603169.SH,20150212,21.41,23.5,21.01,23.5,21.36,2.14,10.02,169631.1,385219.641
1340,603169.SH,20150211,21.47,21.47,21.16,21.36,21.37,-0.01,-0.05,55774.33,118993.105
1341,603169.SH,20150210,21.08,21.48,20.61,21.37,21.1,0.27,1.28,77107.67,162448.491
1342,603169.SH,20150209,22.0,22.25,20.85,21.1,22.09,-0.99,-4.48,92656.78,196264.482
1343,603169.SH,20150206,22.5,22.86,22.03,22.09,22.66,-0.57,-2.52,75518.46,169053.518
1344,603169.SH,20150205,23.29,23.45,22.6,22.66,23.18,-0.52,-2.24,89475.42,204799.263
1345,603169.SH,20150204,23.4,23.78,23.0,23.18,23.43,-0.25,-1.07,96684.76,225144.103
1346,603169.SH,20150203,22.5,23.88,22.3,23.43,23.25,0.18,0.77,117416.64,271673.672
1347,603169.SH,20150202,22.85,24.25,22.85,23.25,22.6,0.65,2.88,131290.58,309201.903
1348,603169.SH,20150130,23.5,23.98,22.58,22.6,23.76,-1.16,-4.88,132165.5,304809.953
1349,603169.SH,20150129,23.7,24.59,23.62,23.76,24.03,-0.27,-1.12,136182.35,327256.443
1350,603169.SH,20150128,24.41,24.6,23.88,24.03,25.1,-1.07,-4.26,197513.41,477128.893
1351,603169.SH,20150127,24.45,26.0,24.3,25.1,24.05,1.05,4.37,330147.09,835178.903
1352,603169.SH,20150126,23.5,24.68,23.12,24.05,24.04,0.01,0.04,161137.4,385401.903
1353,603169.SH,20150123,24.72,25.48,23.74,24.04,24.7,-0.66,-2.67,219503.65,535636.913
1354,603169.SH,20150122,24.78,25.99,24.5,24.7,24.98,-0.28,-1.12,251389.61,631713.349
1355,603169.SH,20150121,24.04,25.2,23.91,24.98,24.79,0.19,0.77,300111.49,732076.838
1356,603169.SH,20150120,23.01,25.56,23.01,24.79,24.08,0.71,2.95,371580.06,907990.947
1357,603169.SH,20150119,24.39,25.68,23.45,24.08,23.45,0.63,2.69,447500.91,1093351.02
1358,603169.SH,20150116,22.3,23.45,21.85,23.45,21.32,2.13,9.99,198742.93,456524.61
1359,603169.SH,20150115,21.5,21.98,21.0,21.32,21.85,-0.53,-2.43,155105.81,330751.776
1360,603169.SH,20150114,21.5,22.5,21.2,21.85,22.01,-0.16,-0.73,179737.3,391717.064
1361,603169.SH,20150113,22.58,24.18,22.0,22.01,23.32,-1.31,-5.62,227589.47,517753.563
1362,603169.SH,20150112,22.04,24.5,20.9,23.32,22.82,0.5,2.19,309569.73,708707.78
1363,603169.SH,20150109,23.75,24.98,22.1,22.82,22.79,0.03,0.13,419917.62,1000239.133
1364,603169.SH,20150108,21.3,22.79,20.9,22.79,20.72,2.07,9.99,216785.51,480322.568
1365,603169.SH,20150107,19.16,20.72,18.84,20.72,18.84,1.88,9.98,291302.18,574251.854
1366,603169.SH,20150106,16.98,18.84,16.7,18.84,17.13,1.71,9.98,192422.51,347838.328
1367,603169.SH,20150105,17.48,17.64,16.72,17.13,17.57,-0.44,-2.5,89932.89,153964.246
1368,603169.SH,20141231,16.99,18.0,16.6,17.57,17.18,0.39,2.27,102567.56,178964.723
1369,603169.SH,20141230,18.28,18.6,17.0,17.18,18.24,-1.06,-5.81,114128.52,202975.384
1370,603169.SH,20141229,18.91,19.25,18.1,18.24,18.98,-0.74,-3.9,102516.38,189942.657
1371,603169.SH,20141226,19.05,19.45,18.82,18.98,19.51,-0.53,-2.72,114275.38,217693.743
1372,603169.SH,20141225,18.82,20.24,18.37,19.51,19.04,0.47,2.47,158418.1,304174.28
1373,603169.SH,20141224,18.8,19.28,18.62,19.04,18.8,0.24,1.28,101201.17,191726.517
1374,603169.SH,20141223,18.51,20.6,18.1,18.8,20.03,-1.23,-6.14,174431.41,335716.506
1375,603169.SH,20141222,21.98,21.98,20.03,20.03,22.25,-2.22,-9.98,111439.15,227249.743
1376,603169.SH,20141219,23.3,23.85,22.0,22.25,23.83,-1.58,-6.63,198290.31,447077.574
1377,603169.SH,20141218,22.95,24.4,22.85,23.83,23.35,0.48,2.06,208748.0,496666.44
1378,603169.SH,20141217,22.66,24.36,22.0,23.35,22.95,0.4,1.74,190410.09,446048.418
1379,603169.SH,20141216,23.0,23.9,22.9,22.95,23.42,-0.47,-2.01,165670.1,383184.856
1380,603169.SH,20141215,22.85,24.88,22.0,23.42,23.71,-0.29,-1.22,217514.73,511830.847
1381,603169.SH,20141212,24.63,25.85,23.6,23.71,23.74,-0.03,-0.13,357186.89,883423.649
1382,603169.SH,20141211,21.18,23.74,20.75,23.74,21.58,2.16,10.01,229911.98,523608.192
1383,603169.SH,20141210,21.16,22.4,20.03,21.58,21.98,-0.4,-1.82,227240.05,486813.281
1384,603169.SH,20141209,23.51,24.65,21.98,21.98,24.42,-2.44,-9.99,279233.46,652169.841
1385,603169.SH,20141208,23.0,25.35,22.5,24.42,24.12,0.3,1.24,318469.41,759899.383
1386,603169.SH,20141205,25.3,25.99,23.85,24.12,25.66,-1.54,-6.0,247304.3,611553.988
1387,603169.SH,20141204,25.1,26.17,25.1,25.66,25.59,0.07,0.27,261697.79,669566.781
1388,603169.SH,20141203,25.6,26.76,24.4,25.59,26.38,-0.79,-2.99,331736.04,848727.271
1389,603169.SH,20141202,25.3,27.72,25.1,26.38,26.54,-0.16,-0.6,388843.17,1037137.777
1390,603169.SH,20141201,25.83,28.57,24.5,26.54,26.08,0.46,1.76,540921.81,1473731.471
1391,603169.SH,20141128,22.45,26.08,22.08,26.08,23.71,2.37,10.0,565923.99,1348160.5
1392,603169.SH,20141124,22.99,23.71,22.01,23.71,21.55,2.16,10.02,313441.78,724568.981
1393,603169.SH,20141121,20.27,21.55,19.6,21.55,19.59,1.96,10.01,361719.78,753472.851
1394,603169.SH,20141120,17.2,19.59,16.95,19.59,17.81,1.78,9.99,451490.66,834765.764
1395,603169.SH,20141119,17.3,18.4,16.81,17.81,17.49,0.32,1.83,381645.75,668819.38
1396,603169.SH,20141118,17.51,17.86,16.9,17.49,18.32,-0.83,-4.53,371628.25,648006.794
1397,603169.SH,20141117,16.5,19.09,16.49,18.32,18.32,0.0,0.0,500357.21,875057.18
1398,603169.SH,20141114,19.11,20.25,18.32,18.32,20.35,-2.03,-9.98,239373.38,448448.959
1399,603169.SH,20141113,19.5,23.5,19.5,20.35,21.67,-1.32,-6.09,598156.22,1285069.409
1400,603169.SH,20141112,21.66,21.67,18.0,21.67,19.7,1.97,10.0,522792.3,1082367.469
1401,603169.SH,20141110,19.7,19.7,19.3,19.7,17.91,1.79,9.99,65905.03,129695.48
1402,603169.SH,20141107,17.91,17.91,17.5,17.91,16.28,1.63,10.01,105834.99,188840.782
1403,603169.SH,20141106,15.3,16.28,15.26,16.28,14.8,1.48,10.0,338232.75,540160.722
1404,603169.SH,20141105,13.45,14.8,12.84,14.8,13.45,1.35,10.04,478551.29,672191.16
1405,603169.SH,20141104,13.19,13.45,12.47,13.45,12.23,1.22,9.98,597058.33,783100.4
1406,603169.SH,20141103,11.7,12.23,11.53,12.23,11.12,1.11,9.98,306692.68,367364.104
1407,603169.SH,20141031,10.5,11.12,10.2,11.12,10.11,1.01,9.99,560821.56,599867.889
1408,603169.SH,20141030,9.74,10.11,9.55,10.11,9.19,0.92,10.01,434613.54,432043.787
1409,603169.SH,20141029,9.19,9.19,9.19,9.19,8.35,0.84,10.06,41535.12,38170.775
1410,603169.SH,20141028,8.35,8.35,8.35,8.35,7.59,0.76,10.01,165331.44,138051.752
1411,603169.SH,20141027,7.59,7.59,7.59,7.59,6.9,0.69,10.0,86027.22,65294.66
1412,603169.SH,20141024,6.9,6.9,6.9,6.9,6.27,0.63,10.05,15926.73,10989.444
1413,603169.SH,20141023,6.27,6.27,6.27,6.27,5.7,0.57,10.0,7685.5,4818.809
1414,603169.SH,20141022,5.7,5.7,5.7,5.7,5.18,0.52,10.04,5776.51,3292.611
1415,603169.SH,20141021,5.18,5.18,5.18,5.18,4.71,0.47,9.98,6450.02,3341.11
1416,603169.SH,20141020,4.71,4.71,4.71,4.71,4.28,0.43,10.05,5362.3,2525.643
1417,603169.SH,20141017,4.28,4.28,4.28,4.28,3.89,0.39,10.03,5267.69,2254.571
1418,603169.SH,20141016,3.89,3.89,3.89,3.89,3.54,0.35,9.89,1713.15,666.415
1419,603169.SH,20141015,3.54,3.54,3.54,3.54,3.22,0.32,9.94,889.99,315.056
1420,603169.SH,20141014,3.22,3.22,3.22,3.22,2.93,0.29,9.9,645.79,207.944
1421,603169.SH,20141013,2.93,2.93,2.93,2.93,2.66,0.27,10.15,653.45,191.461
1422,603169.SH,20141010,2.66,2.66,2.66,2.66,2.42,0.24,9.92,784.0,208.544
1423,603169.SH,20141009,2.02,2.42,2.02,2.42,1.68,0.74,44.05,1956.0,471.312
